0.907380
0.906270
0.893400
0.890390
0.926100
0.903500
0.905140
0.903390
0.894430
0.900560
0.896690
0.896980
0.878380
0.893930
0.887150
0.915260
0.895200
0.890070
0.893810
0.882080
0.907350
0.891180
0.878930
0.920170
0.900940
0.892450
0.898940
0.903220
0.896110
0.899650
0.892990
0.890060
0.879780
0.889920
0.870550
0.902480
0.919600
0.875400
0.900250
0.892110
0.910860
0.908300
0.878650
0.890800
0.851260
0.866410
0.881340
0.895540
0.879120
0.908050
0.898240
0.902460
0.865700
0.862850
0.877620
0.914170
0.863820
0.872710
0.887850
0.874790
0.878790
0.918650
0.902990
0.897030
0.892550
0.905040
0.895160
0.886220
0.858010
0.914510
0.896970
0.904990
0.864600
0.916490
0.880670
0.887680
0.899540
0.883980
0.908600
0.902280
0.912290
0.865050
0.923180
0.920610
0.875590
0.858770
0.909930
0.884420
0.887470
0.878770
0.865310
0.883410
0.892730
0.876180
0.892480
0.899990
0.889270
0.915600
0.906090
0.895700
