0.867600
0.818860
0.858040
0.847100
0.860090
0.877120
0.870610
0.877140
0.828960
0.860050
0.899260
0.863050
0.859910
0.895480
0.868800
0.866000
0.865270
0.890510
0.883150
0.879300
0.881940
0.840790
0.876370
0.863190
0.895910
0.875640
0.872960
0.869690
0.881820
0.845400
0.854060
0.867480
0.882460
0.905910
0.866280
0.852770
0.897500
0.878420
0.897240
0.889180
0.852380
0.868710
0.862830
0.853950
0.856810
0.878530
0.871780
0.854360
0.863090
0.842780
0.882930
0.889610
0.844970
0.880920
0.878920
0.817470
0.847680
0.822420
0.881470
0.886270
0.837930
0.886730
0.850920
0.884570
0.907320
0.890310
0.849380
0.811950
0.878480
0.864030
0.856260
0.883880
0.866050
0.902390
0.864520
0.856370
0.841460
0.865330
0.880790
0.885070
0.863630
0.891060
0.863070
0.863710
0.886330
0.879220
0.837000
0.872100
0.818520
0.849800
0.866010
0.858480
0.883270
0.827130
0.843590
0.880220
0.849360
0.859030
0.858310
0.878250
