0.854450
0.842190
0.845470
0.868340
0.848430
0.885370
0.856850
0.872720
0.860340
0.830390
0.883680
0.874050
0.870020
0.866110
0.859580
0.905590
0.857180
0.850030
0.880690
0.855320
0.851230
0.877930
0.871150
0.845950
0.906350
0.871580
0.866100
0.860850
0.862500
0.877980
0.844390
0.844210
0.869350
0.870080
0.885820
0.860870
0.877380
0.857930
0.885860
0.878940
0.882340
0.888600
0.905180
0.858660
0.856170
0.854740
0.870300
0.860360
0.858280
0.902500
0.856800
0.888590
0.878230
0.838360
0.864640
0.864620
0.868920
0.857770
0.875070
0.873910
0.853040
0.882630
0.865160
0.864670
0.898020
0.868360
0.845530
0.855560
0.895660
0.842850
0.879290
0.885190
0.858770
0.878060
0.842780
0.874600
0.875700
0.819440
0.865600
0.890640
0.863730
0.831520
0.848850
0.868330
0.859890
0.842060
0.895030
0.877370
0.877390
0.898950
0.892810
0.870910
0.826260
0.844210
0.860930
0.847260
0.830990
0.832600
0.871610
0.833600
