0.891880
0.881440
0.860110
0.869770
0.879720
0.851210
0.845540
0.855640
0.863830
0.878150
0.870680
0.829670
0.807510
0.854140
0.882520
0.856880
0.873200
0.863430
0.879290
0.866940
0.881500
0.869190
0.854620
0.896900
0.855400
0.851170
0.830800
0.864790
0.857430
0.915960
0.868850
0.891020
0.867880
0.886180
0.863420
0.847070
0.859500
0.857610
0.841910
0.871810
0.874700
0.831250
0.826850
0.859450
0.866060
0.857000
0.816680
0.876020
0.866660
0.827880
0.857520
0.851840
0.899640
0.890450
0.877250
0.862420
0.858440
0.823140
0.864250
0.857350
0.865670
0.851280
0.864780
0.874160
0.847710
0.865720
0.881070
0.870910
0.872570
0.837340
0.884850
0.896450
0.858500
0.854020
0.864940
0.852880
0.863840
0.841860
0.878780
0.846820
0.850200
0.876050
0.872190
0.895940
0.858700
0.912670
0.868160
0.871660
0.868920
0.873840
0.830880
0.842120
0.877430
0.861250
0.884920
0.837530
0.866260
0.871690
0.863660
0.851440
