0.879160
0.912710
0.914210
0.885400
0.892570
0.901830
0.857220
0.929380
0.910140
0.876640
0.906340
0.913140
0.915240
0.876040
0.905740
0.870420
0.910680
0.892700
0.901370
0.888750
0.868920
0.882630
0.867940
0.878480
0.895820
0.884740
0.900210
0.901450
0.906630
0.888170
0.894010
0.893250
0.869000
0.884160
0.909340
0.895660
0.902780
0.906120
0.859590
0.912370
0.876090
0.901070
0.870040
0.887350
0.876290
0.874310
0.909130
0.893390
0.885160
0.877640
0.896480
0.898260
0.892310
0.897660
0.892240
0.917720
0.886200
0.881820
0.903060
0.907920
0.906460
0.904500
0.875110
0.913020
0.873080
0.872370
0.875660
0.890180
0.912810
0.904380
0.886380
0.919780
0.891810
0.893920
0.908400
0.907880
0.918370
0.901600
0.890460
0.893470
0.889650
0.916590
0.914170
0.890290
0.922300
0.901850
0.891190
0.863150
0.891870
0.889240
0.893770
0.889880
0.874130
0.881590
0.893230
0.910490
0.894040
0.902910
0.907800
0.888840
