0.932120
0.930720
0.927110
0.889630
0.900570
0.905120
0.910010
0.918760
0.909500
0.885170
0.904580
0.913960
0.909230
0.924170
0.908040
0.913850
0.897730
0.904370
0.926030
0.916310
0.929080
0.919500
0.920410
0.896670
0.920150
0.914280
0.919450
0.923540
0.911070
0.899580
0.889440
0.907100
0.910840
0.908460
0.926620
0.901260
0.913780
0.919540
0.916980
0.904230
0.912700
0.879600
0.897130
0.907570
0.890230
0.927470
0.927130
0.909340
0.910810
0.878320
0.907110
0.916580
0.919100
0.918200
0.919020
0.890770
0.914210
0.903000
0.915630
0.910110
0.919030
0.905710
0.874870
0.928870
0.932040
0.926360
0.923390
0.916430
0.907830
0.911100
0.913780
0.905340
0.925930
0.918990
0.919140
0.908880
0.908060
0.911010
0.923150
0.938580
0.910630
0.897790
0.893510
0.909760
0.902660
0.910170
0.918740
0.905430
0.924860
0.899560
0.900470
0.931440
0.918870
0.916880
0.907430
0.899010
0.896610
0.893360
0.919150
0.920070
