0.846100
0.868110
0.835490
0.843830
0.869370
0.830210
0.821010
0.808050
0.873300
0.862100
0.852140
0.848140
0.849670
0.860940
0.852840
0.851570
0.875920
0.840700
0.856960
0.839610
0.893680
0.861910
0.871650
0.865720
0.852660
0.837230
0.860730
0.859010
0.832390
0.864380
0.860590
0.883770
0.869130
0.889060
0.837900
0.880160
0.852620
0.887380
0.868190
0.855500
0.889160
0.905820
0.838340
0.860040
0.856830
0.849540
0.886390
0.869880
0.850180
0.849790
0.863610
0.873110
0.880840
0.865780
0.866390
0.884880
0.869100
0.878490
0.853470
0.869320
0.879540
0.876780
0.870860
0.859920
0.859680
0.866510
0.873190
0.892750
0.832640
0.863720
0.846140
0.892430
0.865840
0.886080
0.871150
0.895150
0.816690
0.800910
0.871430
0.849720
0.860030
0.863150
0.823140
0.871120
0.850470
0.870940
0.836220
0.862040
0.868080
0.866080
0.857320
0.873740
0.862070
0.852970
0.830950
0.861760
0.850960
0.880680
0.905010
0.871600
