0.889190
0.866650
0.858960
0.871800
0.863480
0.874120
0.858080
0.853920
0.875900
0.889430
0.857780
0.880830
0.859390
0.871720
0.869930
0.906430
0.869860
0.848210
0.894510
0.854050
0.894070
0.824450
0.843560
0.870820
0.870680
0.852600
0.861450
0.849850
0.862180
0.841320
0.845310
0.865970
0.885310
0.874510
0.843050
0.882190
0.856110
0.873550
0.894160
0.850430
0.869850
0.873450
0.829470
0.853600
0.862860
0.854630
0.877040
0.865010
0.849510
0.909510
0.845880
0.877760
0.836860
0.871610
0.892630
0.824260
0.867780
0.879650
0.851520
0.843890
0.837480
0.851990
0.870100
0.873540
0.827350
0.863960
0.885120
0.859290
0.892650
0.822340
0.852010
0.870880
0.845830
0.867320
0.879950
0.870690
0.883230
0.856310
0.859260
0.860170
0.839050
0.850980
0.897760
0.897190
0.870430
0.824910
0.861180
0.893740
0.824300
0.872660
0.846230
0.900280
0.898230
0.871010
0.863230
0.843880
0.851470
0.869630
0.861950
0.885640
