0.911480
0.911680
0.896170
0.928640
0.925240
0.933340
0.896810
0.893880
0.919740
0.902140
0.918950
0.894350
0.922670
0.929430
0.910090
0.914250
0.926980
0.898010
0.910800
0.921980
0.921380
0.910610
0.927690
0.913270
0.902220
0.900020
0.917440
0.911760
0.927870
0.915550
0.927200
0.889700
0.925430
0.921750
0.930460
0.919420
0.900670
0.908030
0.901380
0.925610
0.891610
0.916390
0.920740
0.909700
0.882150
0.904690
0.919150
0.939330
0.886160
0.903470
0.905530
0.923020
0.920360
0.915760
0.902400
0.915940
0.919990
0.917070
0.902610
0.921080
0.924150
0.924550
0.901580
0.926240
0.929530
0.916890
0.918700
0.914120
0.914100
0.917130
0.920390
0.909820
0.926410
0.930470
0.883950
0.916900
0.913060
0.924220
0.921380
0.924990
0.920390
0.902290
0.922330
0.920250
0.905730
0.920550
0.899590
0.930750
0.918230
0.910460
0.916010
0.913270
0.906790
0.890460
0.903690
0.906520
0.926310
0.925100
0.927590
0.890130
