0.872030
0.906850
0.891020
0.884240
0.893060
0.893300
0.903040
0.889460
0.894800
0.914560
0.904190
0.858210
0.904550
0.887860
0.888000
0.879690
0.915480
0.879670
0.877640
0.895420
0.917030
0.873160
0.903640
0.883590
0.865390
0.877340
0.883830
0.852450
0.853700
0.914810
0.876330
0.856790
0.883230
0.882820
0.892630
0.900300
0.873310
0.880150
0.863720
0.896240
0.910470
0.882640
0.908230
0.908060
0.901570
0.901760
0.866730
0.924050
0.880760
0.893330
0.890290
0.895540
0.893030
0.890600
0.890220
0.894270
0.885850
0.873770
0.910100
0.886200
0.881470
0.894280
0.906990
0.853080
0.902920
0.904640
0.903380
0.873140
0.914730
0.929080
0.865290
0.880010
0.886960
0.872030
0.848290
0.894160
0.908860
0.901270
0.876040
0.883500
0.881450
0.902750
0.882250
0.890600
0.899980
0.877530
0.880530
0.897850
0.886710
0.898730
0.898180
0.891600
0.887690
0.901430
0.889340
0.874890
0.871700
0.887470
0.889680
0.866140
