0.908850
0.882110
0.859360
0.882600
0.887640
0.920390
0.877750
0.885820
0.910860
0.890320
0.885670
0.873680
0.860090
0.899710
0.870160
0.857880
0.883860
0.925740
0.914120
0.883650
0.885770
0.871710
0.908420
0.886680
0.854320
0.880670
0.860750
0.910300
0.894370
0.892780
0.911450
0.884000
0.870730
0.897570
0.906870
0.879810
0.883030
0.837130
0.893850
0.880580
0.899290
0.896320
0.867860
0.898280
0.909570
0.868790
0.885050
0.865010
0.883620
0.904240
0.887340
0.856490
0.888050
0.885490
0.870010
0.882460
0.874850
0.869160
0.859750
0.905660
0.861810
0.868080
0.862590
0.902070
0.885740
0.881350
0.893260
0.845920
0.901570
0.910190
0.896350
0.878040
0.883770
0.882340
0.884900
0.909180
0.866290
0.872720
0.904240
0.901420
0.886050
0.878830
0.890340
0.894460
0.880640
0.867610
0.907400
0.871180
0.897730
0.890230
0.914740
0.910630
0.900950
0.894710
0.819950
0.901020
0.873030
0.878030
0.862840
0.905090
