0.940820
0.874460
0.907440
0.890740
0.906650
0.885680
0.867860
0.899750
0.897200
0.885290
0.901650
0.917230
0.909120
0.901950
0.900240
0.899720
0.922730
0.903190
0.890760
0.900800
0.877010
0.895010
0.894620
0.869190
0.892570
0.933190
0.885000
0.899450
0.891370
0.919140
0.894470
0.865880
0.906900
0.902330
0.910380
0.901440
0.901440
0.890950
0.915450
0.911430
0.905940
0.896750
0.886470
0.855910
0.887340
0.900880
0.901110
0.912590
0.903570
0.908660
0.904950
0.932780
0.874850
0.929890
0.893070
0.902630
0.918080
0.900180
0.924420
0.908820
0.924260
0.903380
0.901700
0.900780
0.889080
0.902940
0.918620
0.880470
0.910720
0.916310
0.898890
0.927200
0.900950
0.894730
0.882560
0.896230
0.895370
0.891640
0.907420
0.912340
0.911210
0.901270
0.927250
0.886530
0.894620
0.875200
0.900040
0.896420
0.926200
0.896970
0.885660
0.909100
0.898290
0.875060
0.891720
0.919550
0.888560
0.923010
0.903690
0.896170
