0.930810
0.906100
0.941550
0.939120
0.930390
0.929980
0.918630
0.911890
0.936670
0.933090
0.920380
0.925120
0.910610
0.920880
0.925100
0.938990
0.921700
0.921780
0.908350
0.918830
0.915800
0.916070
0.917210
0.915010
0.919310
0.933250
0.934010
0.930210
0.922830
0.923920
0.931530
0.926920
0.923710
0.918110
0.900780
0.921040
0.930180
0.919130
0.923140
0.908390
0.926860
0.914310
0.904130
0.919530
0.907640
0.935880
0.916750
0.914090
0.921600
0.920930
0.931870
0.909740
0.926910
0.920590
0.915570
0.917250
0.925120
0.915830
0.924780
0.886810
0.890890
0.937090
0.898340
0.914420
0.930930
0.931050
0.921820
0.926850
0.906440
0.917690
0.886840
0.927760
0.921390
0.920020
0.921430
0.922430
0.923220
0.936090
0.921920
0.927230
0.924380
0.929890
0.903430
0.933850
0.922810
0.908240
0.899220
0.928580
0.915010
0.919880
0.914890
0.926930
0.929640
0.922820
0.931120
0.925960
0.921070
0.920720
0.905310
0.926800
