0.914680
0.917400
0.914540
0.892880
0.919740
0.899740
0.895040
0.922920
0.898490
0.892050
0.912340
0.882770
0.899380
0.902230
0.933200
0.893030
0.876710
0.883030
0.918730
0.915510
0.913410
0.889460
0.931630
0.896670
0.888780
0.875830
0.883320
0.878330
0.909540
0.921560
0.879750
0.874600
0.901980
0.914920
0.911910
0.909990
0.889500
0.909620
0.898800
0.889140
0.914760
0.908860
0.885730
0.905030
0.879970
0.908610
0.923560
0.866660
0.904010
0.908920
0.887790
0.900670
0.873580
0.894260
0.890360
0.895390
0.903840
0.898790
0.923530
0.913540
0.895680
0.879320
0.908210
0.914830
0.875470
0.896070
0.889160
0.906080
0.918780
0.903510
0.894970
0.926550
0.904660
0.900330
0.916190
0.904400
0.905720
0.900880
0.908950
0.915630
0.887540
0.903880
0.915870
0.906200
0.928190
0.903870
0.890560
0.917730
0.885310
0.908220
0.909320
0.913480
0.867570
0.876230
0.899580
0.905810
0.919090
0.897750
0.912370
0.894090
