0.847670
0.873690
0.851450
0.845930
0.914490
0.861370
0.857200
0.833770
0.875030
0.857990
0.872700
0.858260
0.878200
0.854120
0.854030
0.836280
0.874610
0.863370
0.877650
0.874460
0.861120
0.861650
0.871500
0.860360
0.859180
0.881830
0.847280
0.864360
0.858970
0.832500
0.866960
0.841370
0.848090
0.834560
0.867110
0.854950
0.833740
0.852960
0.871470
0.881870
0.889940
0.872810
0.877530
0.875900
0.874200
0.819810
0.847560
0.839020
0.872930
0.923580
0.877840
0.854580
0.863060
0.874430
0.846210
0.842110
0.852180
0.869380
0.854790
0.865160
0.862530
0.880220
0.855410
0.859930
0.862780
0.869560
0.876620
0.884770
0.894440
0.868190
0.868140
0.867120
0.866780
0.871910
0.847320
0.854650
0.882060
0.848460
0.854340
0.839300
0.857660
0.852120
0.855550
0.868130
0.841130
0.860800
0.912230
0.856590
0.868910
0.852800
0.832090
0.846530
0.851120
0.857570
0.864580
0.839560
0.908010
0.880090
0.875080
0.859860
