0.700950
0.689800
0.687360
0.710930
0.696690
0.729010
0.726040
0.725910
0.725710
0.725910
0.697990
0.699340
0.684320
0.700050
0.671590
0.688600
0.680680
0.696530
0.686710
0.688270
0.683170
0.695270
0.697810
0.695920
0.710240
0.696960
0.701760
0.709280
0.707990
0.688560
0.674670
0.680460
0.676520
0.705530
0.688930
0.716420
0.667810
0.709460
0.719780
0.706600
0.691780
0.702320
0.722490
0.694670
0.690650
0.697110
0.693610
0.686640
0.672730
0.712260
0.695610
0.706540
0.701210
0.680760
0.695380
0.696940
0.684320
0.683120
0.700200
0.676920
0.708370
0.682050
0.686770
0.686160
0.693740
0.741290
0.692360
0.712630
0.695470
0.689890
0.706500
0.695990
0.684440
0.717980
0.681680
0.678610
0.682330
0.697270
0.709020
0.684880
0.681740
0.678150
0.688650
0.685060
0.687440
0.697320
0.694620
0.695570
0.715070
0.695120
0.694150
0.678400
0.703780
0.675720
0.692540
0.695860
0.697840
0.687230
0.682710
0.685440
