0.700050
0.701620
0.685880
0.709970
0.690330
0.728400
0.728170
0.725910
0.727570
0.725730
0.698830
0.697690
0.728000
0.702640
0.669560
0.691350
0.711540
0.685630
0.684590
0.686750
0.679470
0.720740
0.698290
0.688820
0.734390
0.717670
0.702600
0.715040
0.707560
0.703430
0.685520
0.715910
0.680240
0.703280
0.686350
0.719240
0.684550
0.710800
0.687430
0.703290
0.686780
0.700630
0.719890
0.691890
0.684050
0.697820
0.707170
0.698060
0.691290
0.711320
0.694880
0.675930
0.709410
0.670660
0.697360
0.693690
0.699580
0.701430
0.697450
0.704660
0.703330
0.714880
0.683490
0.686770
0.703980
0.684690
0.691960
0.681540
0.702970
0.714940
0.697870
0.690860
0.679340
0.717680
0.698530
0.679360
0.685630
0.691620
0.689980
0.687110
0.697210
0.695510
0.690500
0.685980
0.693250
0.702800
0.704530
0.695870
0.694970
0.702610
0.693950
0.700240
0.705460
0.686660
0.707260
0.698820
0.686110
0.684830
0.704650
0.683760
