0.700940
0.715160
0.688700
0.700430
0.675940
0.728460
0.727120
0.724780
0.728760
0.727920
0.712470
0.701200
0.680450
0.725260
0.699270
0.676100
0.715470
0.684700
0.695440
0.698770
0.700650
0.699040
0.711690
0.700210
0.679630
0.686550
0.675090
0.708910
0.705630
0.689270
0.701960
0.686130
0.698290
0.706440
0.710900
0.716910
0.683730
0.708280
0.682900
0.707870
0.689340
0.699680
0.720860
0.693690
0.691980
0.696710
0.694610
0.686150
0.686270
0.723530
0.744610
0.690340
0.691190
0.681890
0.679950
0.698890
0.699210
0.692640
0.688870
0.698420
0.703680
0.704910
0.703750
0.684600
0.695490
0.707160
0.694040
0.711970
0.683140
0.699120
0.726700
0.699700
0.693380
0.718670
0.689480
0.692770
0.711060
0.700750
0.685620
0.690520
0.693780
0.681160
0.694840
0.726180
0.678220
0.698790
0.692850
0.701670
0.693030
0.709890
0.701380
0.694400
0.704100
0.706460
0.696900
0.697790
0.687970
0.680460
0.716320
0.686660
