0.701750
0.699780
0.692810
0.683540
0.693420
0.704250
0.728240
0.726440
0.723790
0.726010
0.725880
0.702630
0.701090
0.690540
0.698730
0.680410
0.682690
0.717750
0.698450
0.689270
0.691400
0.686980
0.706320
0.672280
0.693140
0.687670
0.689380
0.674320
0.701650
0.710490
0.690220
0.679770
0.684460
0.671840
0.705030
0.710340
0.681710
0.684380
0.710620
0.680630
0.693390
0.686980
0.681340
0.721860
0.691160
0.681970
0.699960
0.691340
0.683830
0.679670
0.696760
0.676710
0.674700
0.685760
0.689950
0.686610
0.687560
0.714520
0.692560
0.699400
0.678860
0.700680
0.696030
0.684760
0.685950
0.691440
0.683040
0.695410
0.711130
0.689050
0.693140
0.698080
0.694800
0.683960
0.715070
0.682340
0.687750
0.711150
0.680580
0.692340
0.682720
0.696180
0.703610
0.687250
0.680070
0.703680
0.695500
0.680460
0.682910
0.692970
0.728730
0.693940
0.692790
0.705000
0.696270
0.690910
0.700280
0.694890
0.677100
0.690600
