0.709470
0.689560
0.682860
0.710300
0.682120
0.727740
0.721800
0.725680
0.724100
0.729610
0.702100
0.697780
0.679040
0.697250
0.678500
0.680070
0.674220
0.687220
0.685950
0.703280
0.678270
0.697090
0.675300
0.692490
0.683380
0.689590
0.668770
0.710110
0.711290
0.687400
0.684710
0.666160
0.668180
0.699110
0.686160
0.718350
0.685580
0.710540
0.683010
0.703700
0.685780
0.679740
0.719650
0.708380
0.715630
0.694730
0.693550
0.673880
0.683770
0.692280
0.695950
0.710820
0.686640
0.672160
0.675990
0.724990
0.681980
0.704730
0.685640
0.676780
0.701760
0.678670
0.671460
0.695530
0.695830
0.697950
0.690960
0.696890
0.693050
0.689440
0.673480
0.693190
0.686900
0.718080
0.675110
0.680640
0.688850
0.675150
0.681830
0.681250
0.678810
0.681460
0.692290
0.678520
0.679510
0.694940
0.716990
0.696010
0.692340
0.728320
0.718940
0.692270
0.702700
0.681190
0.689170
0.694810
0.689310
0.690330
0.696640
0.679110
