0.687460
0.706160
0.684080
0.682050
0.711800
0.726160
0.692220
0.726230
0.726280
0.725000
0.700720
0.711370
0.676480
0.679400
0.681460
0.730180
0.673300
0.679770
0.686510
0.687650
0.707910
0.684160
0.682020
0.692050
0.682830
0.689840
0.678570
0.688130
0.709900
0.689090
0.690220
0.685250
0.729890
0.688950
0.688140
0.690280
0.685670
0.691470
0.687180
0.723010
0.682470
0.689380
0.703180
0.676590
0.680940
0.696120
0.687990
0.703290
0.685780
0.694110
0.687250
0.707160
0.676260
0.691470
0.698540
0.677120
0.705720
0.709420
0.678580
0.688040
0.685710
0.686720
0.671870
0.680640
0.676430
0.686170
0.708030
0.701940
0.695690
0.704820
0.700000
0.688890
0.684400
0.700730
0.696620
0.689640
0.689510
0.686230
0.679910
0.700160
0.695060
0.683360
0.694070
0.675670
0.695680
0.683880
0.679090
0.698470
0.684640
0.676710
0.693320
0.693630
0.683160
0.688810
0.686920
0.699100
0.683840
0.679890
0.687620
0.726990
