0.691490
0.706150
0.728470
0.680290
0.696340
0.726980
0.725930
0.724970
0.725460
0.726350
0.704510
0.701560
0.685370
0.726990
0.704410
0.692540
0.694770
0.698090
0.714640
0.696150
0.702210
0.694640
0.707860
0.688200
0.689270
0.708110
0.680750
0.709020
0.706840
0.695780
0.701420
0.684080
0.686520
0.705730
0.714740
0.718350
0.703570
0.711860
0.681800
0.683830
0.684910
0.699210
0.723150
0.692940
0.687170
0.696900
0.694920
0.700310
0.684510
0.696510
0.745470
0.681090
0.699760
0.680310
0.703040
0.697020
0.696300
0.691400
0.713060
0.696850
0.699610
0.685650
0.690490
0.700050
0.697230
0.683280
0.693370
0.706290
0.675760
0.691940
0.698890
0.697380
0.688090
0.727370
0.694430
0.678610
0.709760
0.696390
0.681380
0.700660
0.684460
0.681780
0.712650
0.677810
0.692150
0.697760
0.679310
0.677010
0.694100
0.692390
0.698870
0.703070
0.705120
0.688260
0.698150
0.693950
0.684680
0.681980
0.716400
0.716270
