0.681940
0.690300
0.714570
0.684040
0.678060
0.728060
0.723960
0.725020
0.722990
0.729390
0.700410
0.699580
0.696710
0.695070
0.679870
0.679600
0.677690
0.698950
0.694070
0.683470
0.681490
0.697150
0.697580
0.688180
0.684980
0.695680
0.687370
0.710010
0.710150
0.700460
0.678500
0.689510
0.687740
0.706110
0.688060
0.719850
0.680870
0.709220
0.682890
0.687970
0.700030
0.690520
0.721820
0.716630
0.683990
0.698420
0.691140
0.681710
0.685790
0.698180
0.703120
0.678390
0.685580
0.680900
0.684480
0.726160
0.683290
0.691070
0.723380
0.699600
0.698430
0.690980
0.685280
0.717750
0.693040
0.685280
0.692670
0.707500
0.703840
0.691930
0.693200
0.700580
0.694220
0.715880
0.684020
0.679330
0.712160
0.679910
0.694480
0.699690
0.702250
0.677980
0.689540
0.691990
0.683430
0.696050
0.715710
0.685050
0.690010
0.688390
0.690870
0.717990
0.704910
0.677420
0.689290
0.703820
0.691950
0.707820
0.688280
0.692440
