0.692240
0.699240
0.684660
0.700550
0.743870
0.727340
0.725600
0.724400
0.727380
0.724800
0.701880
0.699090
0.692470
0.683530
0.706520
0.674920
0.704880
0.699470
0.689460
0.711860
0.678760
0.698210
0.683810
0.665610
0.697830
0.691300
0.697740
0.707250
0.708910
0.697170
0.716360
0.666940
0.681390
0.688410
0.693490
0.702290
0.692890
0.665820
0.687790
0.678400
0.682810
0.697520
0.705560
0.680960
0.677770
0.697740
0.706360
0.685680
0.687040
0.697740
0.700960
0.678560
0.698440
0.682590
0.690450
0.697890
0.684740
0.697660
0.677070
0.678820
0.701980
0.695580
0.683410
0.686590
0.681660
0.682620
0.678600
0.683630
0.676170
0.689470
0.686020
0.690970
0.687650
0.692240
0.698080
0.681760
0.680320
0.700240
0.689480
0.712630
0.697490
0.691430
0.689360
0.680770
0.708600
0.703820
0.681320
0.697470
0.692750
0.686910
0.692070
0.680130
0.679480
0.694120
0.706860
0.681460
0.681840
0.678820
0.687860
0.693170
