0.670610
0.687690
0.704950
0.677430
0.702450
0.726390
0.726700
0.724590
0.724810
0.724680
0.699700
0.700120
0.705010
0.695050
0.689940
0.667230
0.698220
0.686310
0.689990
0.684060
0.711750
0.695730
0.697530
0.689230
0.678740
0.698760
0.687830
0.713380
0.710530
0.709910
0.695600
0.695950
0.689180
0.705460
0.687920
0.716550
0.691610
0.706830
0.688280
0.686840
0.709170
0.676390
0.722460
0.691170
0.695100
0.706750
0.691950
0.691690
0.687230
0.691450
0.697740
0.682730
0.716540
0.759280
0.696550
0.694800
0.683940
0.696080
0.693250
0.692070
0.722400
0.685210
0.686020
0.685630
0.694080
0.684580
0.692520
0.709660
0.687110
0.687290
0.682230
0.694750
0.685150
0.721160
0.709530
0.742280
0.712990
0.697540
0.677030
0.689100
0.699470
0.679630
0.701890
0.691800
0.680910
0.698770
0.708260
0.707720
0.691060
0.705540
0.694330
0.689820
0.705080
0.700000
0.694990
0.695410
0.686780
0.687950
0.691880
0.683180
