0.702240
0.686460
0.688990
0.690620
0.677720
0.730380
0.726070
0.726650
0.725250
0.726330
0.700440
0.697760
0.689180
0.727000
0.684510
0.690260
0.681110
0.710430
0.686200
0.697480
0.695090
0.696450
0.706770
0.684720
0.688110
0.715600
0.673800
0.708310
0.757690
0.689760
0.699690
0.715300
0.682470
0.705440
0.697340
0.716120
0.717750
0.708680
0.681020
0.679290
0.687720
0.696990
0.722530
0.689560
0.689320
0.721270
0.702190
0.679710
0.686080
0.695530
0.749170
0.679890
0.715000
0.699090
0.678630
0.703560
0.718190
0.729550
0.685710
0.696450
0.702240
0.701680
0.679970
0.683270
0.693480
0.714040
0.691920
0.709950
0.674610
0.690270
0.677770
0.695300
0.685610
0.717510
0.692900
0.684380
0.708010
0.700180
0.678670
0.683120
0.688020
0.678510
0.691820
0.696890
0.708160
0.700610
0.693910
0.678910
0.707630
0.688440
0.699000
0.692840
0.705200
0.676250
0.690770
0.697160
0.686110
0.685310
0.675960
0.683130
