0.703340
0.687620
0.684780
0.710090
0.701490
0.730070
0.725460
0.725750
0.726580
0.726930
0.712550
0.698940
0.681960
0.699570
0.698550
0.687220
0.699730
0.697010
0.691000
0.689690
0.705050
0.693940
0.696000
0.695410
0.689560
0.699680
0.702870
0.713790
0.707990
0.684130
0.692290
0.691090
0.690490
0.706370
0.687540
0.720520
0.684520
0.709140
0.718500
0.724060
0.690370
0.700030
0.721960
0.692490
0.693550
0.699830
0.695920
0.690210
0.674680
0.713500
0.697400
0.685990
0.690260
0.710360
0.697430
0.706800
0.683770
0.685090
0.700560
0.683790
0.706990
0.683350
0.689050
0.686490
0.692770
0.707620
0.691650
0.674450
0.701700
0.687390
0.707390
0.697140
0.696170
0.719690
0.716190
0.681120
0.682990
0.699320
0.687500
0.716130
0.682910
0.684840
0.699270
0.682670
0.697790
0.705360
0.693260
0.699290
0.718080
0.694990
0.695420
0.692740
0.701970
0.678770
0.690530
0.697210
0.683370
0.688640
0.687730
0.705900
