0.703390
0.689100
0.693680
0.686550
0.730090
0.728460
0.727620
0.727790
0.724640
0.726230
0.703250
0.700690
0.696260
0.726680
0.692070
0.688050
0.704820
0.708040
0.699190
0.724910
0.699930
0.696020
0.706430
0.699540
0.679750
0.707060
0.685030
0.710930
0.731180
0.686170
0.699490
0.687770
0.684830
0.706330
0.695150
0.713170
0.672850
0.737280
0.682100
0.682330
0.687980
0.699230
0.721300
0.694410
0.693470
0.705070
0.714250
0.689210
0.690870
0.713990
0.746880
0.686820
0.686290
0.713350
0.693230
0.699070
0.683120
0.709680
0.691460
0.697000
0.701060
0.682150
0.705910
0.686460
0.695420
0.710210
0.703410
0.709100
0.687650
0.692780
0.672430
0.693580
0.695780
0.717970
0.683630
0.702900
0.710280
0.700750
0.693080
0.711650
0.678230
0.680900
0.689730
0.691520
0.708090
0.697420
0.693650
0.674500
0.710920
0.706000
0.701760
0.692800
0.702270
0.686180
0.705960
0.692720
0.697920
0.687070
0.717630
0.711580
