0.692930
0.698000
0.712840
0.709160
0.695760
0.727990
0.727670
0.725550
0.725980
0.726080
0.701160
0.731150
0.681800
0.694960
0.709320
0.689080
0.673030
0.683980
0.688150
0.700010
0.705960
0.695340
0.706820
0.698560
0.730170
0.703750
0.692140
0.711620
0.706050
0.685900
0.692250
0.687490
0.689150
0.703890
0.689150
0.717330
0.684340
0.708780
0.690000
0.708330
0.696320
0.700500
0.720640
0.692640
0.693970
0.705990
0.692000
0.699470
0.686050
0.711130
0.695470
0.708880
0.683360
0.690720
0.695090
0.696370
0.689000
0.691750
0.691620
0.677630
0.707600
0.735090
0.684590
0.688600
0.695010
0.682740
0.717560
0.670090
0.686290
0.702890
0.707450
0.697210
0.681470
0.719630
0.677950
0.695120
0.700410
0.701790
0.679810
0.695140
0.684260
0.684120
0.691100
0.687170
0.686550
0.699340
0.709680
0.690950
0.710160
0.685210
0.692910
0.689930
0.724110
0.688650
0.689950
0.693560
0.696080
0.688730
0.689560
0.680450
