0.680170
0.681520
0.684300
0.682480
0.708330
0.726860
0.693080
0.725640
0.727070
0.728540
0.700660
0.711120
0.698800
0.688490
0.677800
0.681230
0.684740
0.677150
0.670730
0.687230
0.685780
0.686950
0.679880
0.679110
0.684510
0.689540
0.679120
0.682450
0.708660
0.692070
0.714010
0.690670
0.728640
0.685710
0.697210
0.686650
0.679260
0.667910
0.701300
0.685720
0.681980
0.695650
0.704360
0.683820
0.693730
0.696220
0.692150
0.703420
0.665560
0.700050
0.688360
0.710530
0.704350
0.689810
0.689530
0.677900
0.698810
0.700240
0.675300
0.703080
0.682420
0.679660
0.671610
0.678330
0.683980
0.683130
0.705570
0.702140
0.677610
0.704120
0.694870
0.676670
0.678040
0.694620
0.697460
0.679190
0.683430
0.688890
0.681870
0.698030
0.694840
0.686600
0.685610
0.677890
0.691260
0.681720
0.692980
0.698300
0.676070
0.677110
0.692420
0.676830
0.683840
0.678740
0.692520
0.686630
0.682100
0.701730
0.685480
0.700960
