0.901370
0.855750
0.824060
0.866240
0.841440
0.780700
0.861930
0.849800
0.819900
0.857750
0.805040
0.807070
0.862920
0.868890
0.822800
0.863690
0.822710
0.840820
0.837700
0.820310
0.818570
0.796660
0.858760
0.827330
0.870840
0.803410
0.813140
0.844740
0.843500
0.850560
0.815870
0.786250
0.800500
0.839170
0.850570
0.838820
0.836300
0.841100
0.849110
0.864590
0.863650
0.827300
0.851430
0.826530
0.858650
0.814440
0.848440
0.836000
0.822220
0.823420
0.846180
0.799700
0.866630
0.870080
0.820150
0.854240
0.823680
0.797910
0.856900
0.830250
0.858180
0.817810
0.830010
0.831340
0.822210
0.829810
0.810680
0.850490
0.859950
0.869170
0.812630
0.823510
0.838850
0.808160
0.845960
0.857540
0.837540
0.819080
0.857270
0.840860
0.843340
0.848590
0.847020
0.795820
0.854450
0.813140
0.826310
0.842410
0.840520
0.836490
0.847850
0.867910
0.828290
0.816350
0.871090
0.836580
0.849770
0.843900
0.841120
0.856500
