0.922570
0.931960
0.912880
0.959450
0.942340
0.934550
0.934080
0.918920
0.942620
0.883620
0.922500
0.922620
0.893880
0.960070
0.907990
0.957470
0.942940
0.924270
0.946450
0.915160
0.916310
0.929270
0.944920
0.961770
0.955680
0.927420
0.937370
0.909960
0.954500
0.946420
0.900890
0.955110
0.952280
0.927650
0.954100
0.950030
0.969460
0.906490
0.892240
0.940570
0.947480
0.939220
0.946990
0.960160
0.964510
0.944920
0.939570
0.946800
0.953920
0.978690
0.957840
0.949750
0.886940
0.916840
0.941310
0.947570
0.970050
0.941000
0.949070
0.952610
0.932160
0.929120
0.942360
0.942700
0.937890
0.940230
0.960010
0.911900
0.942300
0.916530
0.950490
0.951070
0.946580
0.914280
0.964380
0.883410
0.941620
0.929330
0.949520
0.950480
0.919460
0.926770
0.934710
0.940410
0.894990
0.936830
0.948540
0.968160
0.947130
0.951060
0.934320
0.919680
0.959930
0.938170
0.954180
0.956040
0.946820
0.950160
0.934880
0.944720
