0.919450
0.943940
0.942070
0.932450
0.944340
0.936910
0.881600
0.933010
0.938280
0.938560
0.934690
0.937550
0.936420
0.925710
0.946850
0.888110
0.973030
0.951980
0.934840
0.955260
0.942370
0.899350
0.898700
0.938600
0.929590
0.940150
0.925640
0.928810
0.909230
0.942650
0.913860
0.924680
0.953930
0.925130
0.937970
0.935000
0.927140
0.935900
0.883360
0.892130
0.940070
0.926090
0.981980
0.889580
0.942980
0.952290
0.913160
0.948910
0.932780
0.936020
0.933030
0.951310
0.928260
0.917730
0.891090
0.908410
0.918070
0.944130
0.928860
0.922350
0.928500
0.959760
0.925910
0.929280
0.938230
0.921120
0.883080
0.939960
0.912340
0.950450
0.901940
0.943560
0.898660
0.874100
0.959820
0.909220
0.875090
0.949740
0.960280
0.925290
0.923000
0.943830
0.936140
0.907260
0.934660
0.955360
0.909310
0.923760
0.935500
0.911070
0.929810
0.922810
0.957740
0.938150
0.921400
0.917590
0.965930
0.913390
0.928930
0.925920
