0.900790
0.946490
0.910760
0.940650
0.908610
0.921990
0.947780
0.938910
0.889730
0.931010
0.909350
0.893370
0.899090
0.934490
0.929720
0.889780
0.886320
0.935580
0.935690
0.941920
0.936780
0.917110
0.896520
0.935550
0.902740
0.945020
0.927270
0.930440
0.916550
0.916670
0.944110
0.929620
0.942020
0.939550
0.930270
0.925020
0.887250
0.933840
0.913560
0.924350
0.894760
0.936400
0.932990
0.869320
0.881130
0.892230
0.955650
0.941700
0.906440
0.946110
0.895670
0.965150
0.945200
0.929560
0.930480
0.908250
0.933970
0.940150
0.936480
0.932980
0.904280
0.919350
0.876040
0.905490
0.909370
0.884140
0.933560
0.948540
0.900540
0.931070
0.934140
0.953300
0.838840
0.930020
0.925480
0.907910
0.915250
0.940660
0.943730
0.907880
0.946520
0.909760
0.981310
0.946100
0.878630
0.924450
0.917210
0.919920
0.963030
0.945640
0.919830
0.929830
0.938090
0.906500
0.934530
0.903930
0.923350
0.874720
0.944230
0.950230
