0.877530
0.914630
0.869110
0.898350
0.937110
0.842680
0.874030
0.888370
0.842750
0.845480
0.854690
0.904550
0.868920
0.850440
0.899950
0.824750
0.866500
0.894340
0.864280
0.889990
0.874250
0.912580
0.862140
0.894760
0.885290
0.818150
0.894120
0.865020
0.892320
0.874100
0.878560
0.850930
0.881800
0.890760
0.869070
0.878490
0.887730
0.837420
0.816220
0.897730
0.892230
0.828440
0.924610
0.868370
0.899950
0.901760
0.899680
0.887410
0.856940
0.898270
0.867190
0.898340
0.866290
0.890480
0.889870
0.864340
0.887980
0.865190
0.891100
0.860150
0.867590
0.897360
0.920400
0.863360
0.924690
0.906980
0.850980
0.859610
0.854210
0.839480
0.940770
0.908310
0.908800
0.898240
0.838490
0.891380
0.888020
0.886550
0.870620
0.916930
0.932420
0.909470
0.903130
0.891510
0.909260
0.871080
0.886470
0.896500
0.836830
0.927590
0.901810
0.879160
0.878270
0.947760
0.870640
0.901340
0.846310
0.892970
0.871950
0.900920
