0.835030
0.892120
0.889500
0.851270
0.863660
0.865220
0.855060
0.884100
0.882820
0.861960
0.875470
0.843270
0.838370
0.846750
0.848730
0.843190
0.832050
0.897180
0.862400
0.805010
0.831160
0.838870
0.869890
0.848780
0.837050
0.833350
0.835160
0.842760
0.861840
0.839160
0.804990
0.834920
0.822040
0.892490
0.914000
0.821720
0.874780
0.833450
0.811000
0.840710
0.822730
0.844630
0.795280
0.884410
0.886820
0.856130
0.839700
0.850620
0.844770
0.836590
0.853770
0.826410
0.850640
0.851430
0.857710
0.847970
0.860540
0.857940
0.849620
0.857030
0.861510
0.859390
0.811100
0.834120
0.827880
0.861600
0.852610
0.868700
0.864320
0.823890
0.853010
0.836340
0.853250
0.871340
0.844920
0.851930
0.870540
0.878520
0.851910
0.802910
0.848910
0.846780
0.864940
0.866760
0.853490
0.826110
0.852310
0.881530
0.869090
0.846460
0.850500
0.870920
0.877250
0.890200
0.833270
0.828860
0.845950
0.839060
0.861900
0.877570
