0.868790
0.851430
0.820480
0.837640
0.846980
0.837830
0.833920
0.821650
0.855240
0.822770
0.783830
0.815140
0.810220
0.801360
0.831460
0.815150
0.883400
0.884180
0.836080
0.798670
0.840770
0.872660
0.856170
0.862770
0.889810
0.828250
0.871740
0.845770
0.785000
0.870920
0.783110
0.817150
0.880380
0.827510
0.862000
0.815860
0.837140
0.799100
0.845720
0.815870
0.820360
0.868090
0.802900
0.860900
0.819360
0.819510
0.822870
0.849910
0.793970
0.835040
0.828880
0.827410
0.830510
0.804950
0.788760
0.870300
0.837790
0.862920
0.849780
0.870860
0.788760
0.852850
0.848250
0.864980
0.825100
0.832820
0.828210
0.810770
0.776260
0.818080
0.822830
0.792940
0.814660
0.832050
0.782540
0.772100
0.807360
0.828050
0.830780
0.759290
0.797710
0.829910
0.866290
0.800260
0.816790
0.879500
0.869390
0.833030
0.835220
0.868760
0.839710
0.859370
0.823810
0.793050
0.770590
0.829840
0.793160
0.827440
0.856390
0.871740
