0.905480
0.887110
0.859690
0.878780
0.902800
0.880390
0.860440
0.878580
0.893300
0.878130
0.885800
0.872870
0.858800
0.901190
0.853180
0.874410
0.880460
0.892080
0.894820
0.900630
0.807230
0.850650
0.834650
0.902600
0.880370
0.854000
0.905370
0.895520
0.860720
0.841470
0.869250
0.887920
0.877000
0.890500
0.876570
0.869920
0.843120
0.899130
0.830530
0.893000
0.894280
0.902350
0.856710
0.912190
0.908920
0.901370
0.933450
0.910060
0.881380
0.902930
0.905670
0.849100
0.854690
0.841050
0.866060
0.840210
0.871380
0.913100
0.915040
0.891870
0.878230
0.893890
0.809360
0.857370
0.903140
0.892830
0.902710
0.938800
0.887530
0.837610
0.901200
0.853390
0.937680
0.858780
0.836800
0.872070
0.881890
0.887770
0.901190
0.856370
0.849020
0.869290
0.925450
0.930760
0.856050
0.938990
0.892630
0.878330
0.869580
0.829060
0.903560
0.887310
0.864510
0.832470
0.902660
0.897050
0.884330
0.881830
0.883340
0.919180
