0.826500
0.884840
0.880230
0.847130
0.832120
0.838630
0.845220
0.864460
0.833840
0.862310
0.825330
0.842560
0.854750
0.803770
0.836330
0.877380
0.815460
0.881220
0.811980
0.825010
0.858130
0.818410
0.840800
0.830550
0.842800
0.843350
0.793720
0.871900
0.864790
0.841740
0.820950
0.849640
0.810520
0.836450
0.828070
0.841170
0.831630
0.833190
0.852640
0.806890
0.898360
0.871740
0.861590
0.853900
0.899220
0.849890
0.794860
0.836820
0.827720
0.825820
0.875880
0.827630
0.832770
0.806110
0.835460
0.843960
0.826440
0.798190
0.840280
0.827170
0.815090
0.838290
0.869430
0.834490
0.792590
0.836010
0.853760
0.822280
0.819610
0.849900
0.832910
0.842820
0.835970
0.826220
0.866100
0.854560
0.848760
0.824220
0.876780
0.861190
0.836460
0.835860
0.831130
0.881180
0.846490
0.864380
0.854160
0.811070
0.833690
0.862570
0.863490
0.799520
0.872090
0.851960
0.830610
0.841820
0.843780
0.807730
0.833340
0.858010
