0.912310
0.957030
0.914340
0.957270
0.944190
0.950940
0.940740
0.903290
0.928890
0.924970
0.898080
0.929400
0.909180
0.908830
0.935500
0.935050
0.896620
0.947730
0.921250
0.947440
0.913190
0.931690
0.929840
0.910200
0.926010
0.912260
0.960440
0.912330
0.945190
0.917800
0.928600
0.913060
0.942490
0.922180
0.877880
0.914810
0.892260
0.935730
0.860240
0.928500
0.901010
0.945060
0.957190
0.936160
0.911750
0.966560
0.921830
0.928390
0.907720
0.914360
0.927000
0.965800
0.922340
0.920420
0.928490
0.897470
0.964640
0.910820
0.974460
0.921710
0.979830
0.942610
0.936920
0.892130
0.922920
0.945420
0.929140
0.923970
0.932560
0.943150
0.914950
0.938870
0.904390
0.928560
0.940940
0.938940
0.882450
0.933960
0.966910
0.878460
0.934880
0.922420
0.920510
0.925980
0.939680
0.952720
0.911390
0.917740
0.916640
0.944080
0.910630
0.942510
0.948820
0.905760
0.923230
0.912250
0.904700
0.914460
0.886550
0.941350
