0.831710
0.866480
0.849230
0.826080
0.855990
0.851040
0.854060
0.877130
0.898970
0.827050
0.849500
0.821090
0.815770
0.849190
0.819460
0.828580
0.838060
0.874940
0.878220
0.887700
0.817230
0.846890
0.868200
0.854390
0.837070
0.890630
0.831720
0.843720
0.858740
0.851330
0.843930
0.865940
0.885060
0.846020
0.821070
0.804380
0.879520
0.827720
0.874640
0.811780
0.853330
0.861330
0.874860
0.856330
0.888990
0.887850
0.886620
0.762460
0.903220
0.835830
0.876670
0.837020
0.838480
0.870160
0.868370
0.826110
0.876520
0.851960
0.849130
0.892490
0.850940
0.874520
0.840320
0.824920
0.815530
0.847500
0.843130
0.842060
0.816860
0.839610
0.857930
0.818440
0.843410
0.819490
0.860870
0.823860
0.811130
0.865160
0.917070
0.845810
0.875620
0.860060
0.880500
0.831620
0.835260
0.860870
0.838900
0.844540
0.819560
0.816510
0.837840
0.846390
0.827850
0.819420
0.810650
0.872420
0.807710
0.845380
0.874070
0.892460
