0.933080
0.948670
0.938220
0.896130
0.923340
0.934030
0.891490
0.922770
0.936200
0.925360
0.936000
0.915460
0.914130
0.906030
0.928720
0.944470
0.904150
0.957570
0.930220
0.911430
0.902850
0.918380
0.975430
0.890870
0.949210
0.922660
0.943790
0.926000
0.922060
0.946000
0.963680
0.928500
0.921000
0.882440
0.878580
0.942740
0.909810
0.938010
0.886440
0.939980
0.971880
0.844970
0.921940
0.894280
0.886310
0.930940
0.913950
0.940990
0.905150
0.913150
0.940050
0.919420
0.945760
0.928140
0.970880
0.916940
0.927300
0.919970
0.916090
0.933800
0.895350
0.916050
0.934790
0.899330
0.914870
0.931880
0.920040
0.921630
0.905270
0.888170
0.941960
0.904160
0.918680
0.925300
0.896770
0.919590
0.920570
0.907430
0.888890
0.922290
0.917850
0.949850
0.926160
0.906010
0.918940
0.925840
0.918100
0.939000
0.895150
0.922980
0.941150
0.913120
0.932350
0.964520
0.924280
0.921570
0.943030
0.936680
0.942420
0.907950
