0.931580
0.942250
0.912730
0.916100
0.899390
0.906570
0.939950
0.909110
0.897710
0.925400
0.910170
0.945620
0.890610
0.897220
0.938030
0.897160
0.915470
0.891010
0.923660
0.927090
0.913120
0.918660
0.939090
0.956400
0.918690
0.934000
0.860690
0.936210
0.919970
0.911370
0.937940
0.920840
0.935760
0.914090
0.899270
0.892220
0.929690
0.937630
0.913160
0.925810
0.927460
0.871230
0.912500
0.900550
0.952960
0.912970
0.928430
0.910670
0.941700
0.922640
0.931270
0.919640
0.935680
0.922990
0.920300
0.938360
0.898660
0.886890
0.905440
0.883040
0.924890
0.897430
0.962930
0.913300
0.961630
0.957600
0.930450
0.937770
0.911460
0.926510
0.920240
0.925150
0.881590
0.894700
0.874930
0.945340
0.922710
0.933970
0.909090
0.915280
0.944740
0.935390
0.940360
0.941110
0.927550
0.913040
0.892460
0.938720
0.931410
0.938020
0.937900
0.908640
0.949220
0.905790
0.931490
0.931800
0.904370
0.937300
0.900650
0.919760
