0.860440
0.859010
0.878000
0.799770
0.849830
0.902520
0.841920
0.856100
0.798990
0.860940
0.815550
0.840210
0.805720
0.834260
0.846170
0.848790
0.855800
0.887840
0.872980
0.815630
0.830190
0.829670
0.802360
0.796990
0.832680
0.848660
0.815470
0.811980
0.853220
0.816370
0.853460
0.818850
0.858210
0.890590
0.793300
0.818230
0.895490
0.821730
0.812420
0.795470
0.806030
0.779230
0.842240
0.840360
0.864360
0.815830
0.854930
0.828400
0.838140
0.848670
0.837840
0.817490
0.836300
0.833430
0.899470
0.890790
0.848100
0.838350
0.816370
0.821980
0.835360
0.822930
0.824510
0.786160
0.863610
0.803570
0.814300
0.845460
0.806190
0.859270
0.808900
0.863570
0.836130
0.820880
0.837430
0.856480
0.825780
0.850250
0.864900
0.855390
0.854050
0.831510
0.799820
0.836800
0.817730
0.842300
0.857240
0.820140
0.813740
0.879980
0.869540
0.816530
0.861950
0.856120
0.831750
0.803530
0.835120
0.822450
0.823110
0.847470
