0.901640
0.871020
0.887490
0.872480
0.867940
0.881450
0.883670
0.884520
0.893330
0.924480
0.894550
0.858130
0.813620
0.882690
0.874940
0.819050
0.871510
0.865890
0.917750
0.877950
0.875010
0.845850
0.894040
0.866660
0.824950
0.891620
0.851230
0.912940
0.870190
0.922240
0.900520
0.908440
0.842640
0.889140
0.859880
0.872820
0.900970
0.867790
0.897650
0.832420
0.886590
0.845400
0.869390
0.864960
0.888340
0.920630
0.875170
0.888830
0.896720
0.883830
0.910290
0.872130
0.910830
0.869350
0.881530
0.909380
0.853910
0.812950
0.859850
0.901530
0.920060
0.891430
0.858960
0.906850
0.896500
0.893640
0.892140
0.889610
0.879130
0.854580
0.867340
0.880370
0.869150
0.909400
0.912220
0.909600
0.905520
0.872050
0.888110
0.922910
0.852330
0.869880
0.862690
0.921260
0.912780
0.882620
0.844110
0.912530
0.857760
0.876220
0.902550
0.906460
0.870240
0.846870
0.911810
0.841300
0.843480
0.914660
0.874500
0.886450
