0.679590
0.706740
0.692940
0.692910
0.683730
0.687370
0.715980
0.698690
0.671530
0.677380
0.697190
0.693350
0.715790
0.688550
0.687890
0.670590
0.708690
0.675240
0.680230
0.669460
0.667290
0.712800
0.731530
0.679860
0.675930
0.677920
0.722910
0.688010
0.711650
0.686560
0.685690
0.685780
0.687150
0.687830
0.686040
0.686300
0.693720
0.693040
0.686250
0.682890
0.691510
0.683520
0.674180
0.691930
0.681310
0.686790
0.701480
0.714160
0.670630
0.685760
0.678510
0.677920
0.685610
0.683820
0.696550
0.711040
0.695530
0.683330
0.684700
0.693640
0.668300
0.686070
0.687340
0.689310
0.718930
0.692880
0.700650
0.688670
0.671630
0.682350
0.668870
0.684290
0.675370
0.694860
0.682730
0.687570
0.678690
0.679410
0.685580
0.694060
0.691960
0.675020
0.686850
0.709840
0.693520
0.693820
0.711310
0.695660
0.694140
0.692300
0.694610
0.698970
0.694060
0.709440
0.705060
0.696640
0.693090
0.685700
0.685110
0.710650
