0.687730
0.710860
0.665800
0.672900
0.679780
0.691090
0.713980
0.689800
0.689220
0.699140
0.671880
0.700000
0.699480
0.688510
0.684950
0.680710
0.673960
0.687820
0.696840
0.698310
0.691560
0.683330
0.716980
0.682710
0.689940
0.693440
0.729120
0.692660
0.688720
0.701510
0.685650
0.689430
0.688030
0.687370
0.700160
0.691020
0.692780
0.694970
0.685590
0.682660
0.689870
0.730240
0.677910
0.701870
0.681590
0.720250
0.691800
0.692460
0.691450
0.671080
0.679110
0.676270
0.683850
0.686110
0.681070
0.705890
0.681380
0.672980
0.689770
0.693200
0.671020
0.697810
0.690420
0.715300
0.697350
0.688810
0.693490
0.703650
0.703770
0.688430
0.694280
0.664330
0.678410
0.667760
0.687110
0.700280
0.684460
0.685180
0.662950
0.710440
0.684000
0.680110
0.691520
0.694310
0.692140
0.696860
0.696520
0.693760
0.693270
0.694940
0.691870
0.699490
0.696800
0.695450
0.692080
0.692040
0.699070
0.690800
0.681050
0.700560
