0.681150
0.671010
0.675580
0.694470
0.703470
0.680910
0.711780
0.686880
0.697930
0.676480
0.703870
0.694980
0.682060
0.686370
0.682560
0.682730
0.683290
0.690490
0.714740
0.708520
0.668230
0.671380
0.675000
0.680130
0.678390
0.676180
0.725960
0.685930
0.688550
0.695710
0.688500
0.687050
0.688930
0.686270
0.685980
0.705330
0.688400
0.692880
0.693170
0.681180
0.689450
0.687100
0.697510
0.685130
0.681270
0.714420
0.692490
0.689560
0.669790
0.683580
0.680040
0.710960
0.685420
0.666830
0.673450
0.686850
0.671070
0.682160
0.693690
0.679850
0.685590
0.701420
0.691040
0.685470
0.719640
0.672260
0.692830
0.700650
0.696450
0.718480
0.693280
0.705190
0.702570
0.691780
0.674950
0.683320
0.682320
0.668950
0.681910
0.695150
0.667560
0.689870
0.692130
0.708440
0.693560
0.695250
0.697650
0.692650
0.690700
0.695050
0.695180
0.696110
0.692210
0.693170
0.699080
0.706000
0.707880
0.670250
0.667540
0.680170
