0.673790
0.673380
0.693830
0.677310
0.674010
0.678030
0.713990
0.687030
0.704850
0.672950
0.694410
0.694740
0.672210
0.686440
0.677330
0.705330
0.709340
0.694930
0.670830
0.681610
0.671190
0.686520
0.673660
0.691790
0.666670
0.678490
0.727850
0.688140
0.686310
0.687120
0.687020
0.685780
0.700170
0.688680
0.691490
0.686780
0.687690
0.693070
0.691130
0.688170
0.691660
0.690010
0.672460
0.664330
0.677810
0.689710
0.702910
0.690740
0.682150
0.684560
0.701910
0.693570
0.681010
0.676090
0.686750
0.714710
0.670560
0.685810
0.686680
0.689320
0.692400
0.681630
0.686410
0.684490
0.718360
0.689860
0.705730
0.698790
0.671370
0.675080
0.691040
0.686440
0.690770
0.694400
0.691080
0.683560
0.693300
0.678420
0.691200
0.693040
0.684510
0.678090
0.694370
0.711000
0.689650
0.693410
0.691930
0.696980
0.696490
0.694030
0.693340
0.697090
0.694260
0.695560
0.696460
0.694120
0.694870
0.691630
0.678400
0.672520
