0.682750
0.677010
0.682150
0.686110
0.682970
0.683870
0.714410
0.685740
0.685810
0.701100
0.691220
0.697640
0.693570
0.695830
0.681020
0.717250
0.688990
0.691810
0.678450
0.686190
0.693600
0.684140
0.674690
0.680670
0.689670
0.709720
0.726870
0.686260
0.689120
0.697050
0.702340
0.688800
0.686050
0.687500
0.698010
0.694240
0.693720
0.694080
0.690340
0.683770
0.709260
0.680840
0.705790
0.675220
0.683210
0.694490
0.695030
0.689300
0.696690
0.686340
0.692830
0.683110
0.685210
0.688300
0.698720
0.709760
0.697610
0.693770
0.687880
0.694460
0.687900
0.688040
0.707480
0.722640
0.718540
0.691180
0.670100
0.694770
0.700960
0.716030
0.683950
0.686040
0.683390
0.691530
0.709750
0.689460
0.682230
0.710470
0.691290
0.697360
0.677000
0.687550
0.692410
0.708440
0.700850
0.693910
0.696760
0.699730
0.705080
0.694420
0.691420
0.697240
0.696080
0.693820
0.715140
0.706490
0.695440
0.683470
0.682550
0.686630
