0.671290
0.676290
0.675780
0.669860
0.681450
0.691420
0.714590
0.689020
0.678940
0.695860
0.690780
0.696480
0.679610
0.693000
0.685380
0.690840
0.681340
0.687390
0.699040
0.705920
0.688000
0.676230
0.691080
0.676010
0.681710
0.676220
0.725500
0.693280
0.700530
0.686980
0.692400
0.686700
0.686010
0.692130
0.684950
0.684650
0.688920
0.693790
0.684850
0.682320
0.687040
0.683870
0.695490
0.686770
0.679730
0.690380
0.691930
0.691340
0.670220
0.675830
0.685280
0.677200
0.681250
0.684740
0.683300
0.703510
0.680170
0.677590
0.692400
0.692250
0.687720
0.712090
0.686690
0.716120
0.699070
0.675440
0.693640
0.696010
0.698290
0.687170
0.670450
0.669500
0.676650
0.691420
0.685980
0.681840
0.686910
0.676420
0.685470
0.709320
0.674560
0.677950
0.691840
0.693800
0.692640
0.696770
0.700240
0.694190
0.695110
0.692940
0.696880
0.697600
0.693620
0.694800
0.690540
0.693260
0.694120
0.688370
0.691720
0.703880
