0.670860
0.679130
0.675930
0.688460
0.680150
0.677920
0.716070
0.687620
0.675480
0.698860
0.669950
0.704570
0.673460
0.697270
0.679910
0.714770
0.689340
0.674710
0.680790
0.669530
0.691310
0.679250
0.689360
0.681150
0.675410
0.687300
0.727140
0.685930
0.684700
0.691130
0.700680
0.687490
0.690260
0.687130
0.698800
0.694870
0.688660
0.693180
0.688040
0.681420
0.700580
0.680460
0.705760
0.674520
0.685810
0.693380
0.689780
0.690180
0.705940
0.681070
0.690840
0.684040
0.680920
0.688120
0.679050
0.703220
0.666250
0.693550
0.689160
0.694990
0.693400
0.681480
0.703930
0.677520
0.717480
0.673500
0.666970
0.698500
0.694280
0.716720
0.669910
0.668780
0.673220
0.697630
0.668930
0.682270
0.679490
0.691800
0.687650
0.695550
0.668730
0.686160
0.694320
0.705770
0.691370
0.693300
0.691120
0.693900
0.692970
0.695090
0.694870
0.695980
0.692110
0.695840
0.717030
0.704920
0.695170
0.672750
0.679090
0.677350
