0.687690
0.684810
0.692440
0.701600
0.684990
0.679500
0.713270
0.688540
0.697410
0.689380
0.706960
0.699590
0.683570
0.701550
0.684150
0.705710
0.679930
0.677590
0.714690
0.705070
0.675470
0.686230
0.688860
0.681000
0.680750
0.689630
0.728720
0.695070
0.686950
0.694970
0.687130
0.691610
0.687220
0.707490
0.695620
0.705340
0.704240
0.715960
0.691550
0.698790
0.687050
0.687180
0.704530
0.699830
0.706860
0.711130
0.690780
0.702810
0.668770
0.683820
0.679330
0.712200
0.683670
0.695630
0.675920
0.684870
0.700920
0.698400
0.688000
0.679110
0.696950
0.699170
0.691350
0.683320
0.719050
0.693560
0.693700
0.701750
0.683150
0.719090
0.692740
0.705880
0.700820
0.693660
0.685430
0.689680
0.708170
0.680080
0.684600
0.691720
0.673370
0.687000
0.692900
0.710230
0.692680
0.696410
0.692940
0.694780
0.693150
0.693370
0.695060
0.695760
0.710860
0.700020
0.695120
0.709030
0.711220
0.687640
0.680900
0.703580
