0.677920
0.679990
0.701490
0.693500
0.670350
0.675230
0.715250
0.687990
0.668560
0.676310
0.677620
0.692750
0.688800
0.690750
0.672360
0.673300
0.679570
0.691610
0.691400
0.694490
0.671820
0.683770
0.688850
0.679250
0.679140
0.669030
0.726200
0.689860
0.686240
0.692200
0.697020
0.687910
0.687240
0.686580
0.697120
0.685000
0.683920
0.735820
0.695550
0.681090
0.702450
0.691990
0.701290
0.670000
0.679890
0.708460
0.691470
0.689560
0.677730
0.682040
0.683770
0.688600
0.688430
0.697350
0.686490
0.672890
0.683900
0.693810
0.687520
0.683000
0.687540
0.676970
0.686780
0.679630
0.718860
0.689740
0.677820
0.703770
0.667940
0.717090
0.699240
0.699250
0.676780
0.697010
0.688830
0.696370
0.687350
0.675470
0.705530
0.696460
0.674710
0.673550
0.692510
0.708270
0.693450
0.693650
0.696200
0.693620
0.698210
0.712140
0.694340
0.698320
0.696370
0.692830
0.695300
0.691910
0.695680
0.693150
0.691290
0.692810
