0.661340
0.666470
0.671770
0.679420
0.679160
0.712550
0.687070
0.671440
0.696700
0.668440
0.693250
0.679300
0.688440
0.683760
0.691570
0.667910
0.687470
0.698820
0.670410
0.687940
0.671970
0.673140
0.675100
0.679810
0.677780
0.727590
0.697260
0.688140
0.687730
0.688380
0.689190
0.687610
0.688530
0.688450
0.687960
0.686370
0.691690
0.686870
0.681320
0.688000
0.666930
0.678790
0.689640
0.679660
0.689370
0.694210
0.688610
0.660260
0.670330
0.679430
0.675790
0.680930
0.686330
0.679030
0.703700
0.682560
0.682440
0.688110
0.693100
0.670040
0.696770
0.689290
0.718960
0.695720
0.682910
0.695840
0.681000
0.687980
0.729020
0.702690
0.676740
0.677720
0.670660
0.689850
0.683490
0.666670
0.675930
0.658530
0.694820
0.676410
0.674970
0.692250
0.697380
0.690510
0.691460
0.692270
0.695180
0.694260
0.694170
0.689770
0.696580
0.695100
0.696750
0.691090
0.690760
0.692560
0.682860
0.679540
0.702260
0.685320
