0.679080
0.729080
0.693360
0.673180
0.680480
0.683220
0.715070
0.685520
0.687300
0.688740
0.683060
0.695280
0.686190
0.690260
0.668660
0.684870
0.704240
0.673320
0.698510
0.668980
0.673010
0.674320
0.687120
0.671320
0.671850
0.710040
0.724890
0.686310
0.688990
0.698740
0.690970
0.693960
0.694450
0.685780
0.708720
0.718740
0.689240
0.706450
0.694080
0.684350
0.688310
0.688030
0.678470
0.681750
0.698710
0.688630
0.689630
0.689710
0.680930
0.684550
0.699380
0.674740
0.662330
0.703220
0.705200
0.689790
0.688920
0.680480
0.691930
0.690070
0.666340
0.677690
0.712990
0.670350
0.716370
0.676650
0.684520
0.687600
0.683780
0.685650
0.683690
0.675240
0.667030
0.695970
0.679950
0.686720
0.672060
0.702460
0.685270
0.713900
0.683780
0.685010
0.692120
0.709740
0.707380
0.695010
0.695260
0.714850
0.693350
0.693810
0.697360
0.697570
0.690050
0.709180
0.694430
0.690690
0.693820
0.676120
0.696610
0.676850
