0.690290
0.668910
0.677980
0.679770
0.704970
0.677210
0.717780
0.700930
0.683630
0.695570
0.690820
0.692870
0.678450
0.688530
0.682610
0.686720
0.674130
0.708760
0.696930
0.688020
0.688500
0.691070
0.687660
0.686530
0.708510
0.695350
0.729030
0.692680
0.695140
0.686730
0.693420
0.686050
0.688900
0.686390
0.686000
0.688860
0.696910
0.705170
0.687470
0.683820
0.687690
0.704470
0.679110
0.702260
0.681480
0.714670
0.690120
0.715190
0.681160
0.673510
0.695530
0.681190
0.683700
0.688390
0.691750
0.706800
0.681780
0.697310
0.688630
0.704540
0.672420
0.697770
0.686400
0.714440
0.696990
0.680940
0.690930
0.685450
0.700100
0.688700
0.690410
0.679050
0.670340
0.684550
0.687780
0.695910
0.686760
0.677220
0.677960
0.708920
0.700620
0.665490
0.695470
0.696040
0.694270
0.699710
0.692490
0.695500
0.719220
0.693440
0.693860
0.697020
0.707300
0.692180
0.698590
0.692990
0.695050
0.696500
0.693760
0.700800
