0.678070
0.677580
0.685210
0.688580
0.708470
0.687070
0.716930
0.688460
0.702420
0.697090
0.709670
0.694530
0.682470
0.695260
0.688220
0.717210
0.689610
0.673910
0.687330
0.675390
0.692640
0.685730
0.682700
0.686570
0.678920
0.717190
0.730470
0.686430
0.686910
0.686840
0.702230
0.687970
0.686100
0.688400
0.699130
0.692650
0.695650
0.694290
0.688840
0.709150
0.702490
0.684180
0.709610
0.684790
0.684370
0.697410
0.687540
0.692190
0.683000
0.687450
0.715960
0.691840
0.685510
0.689520
0.681980
0.704090
0.678560
0.693930
0.688780
0.694070
0.684550
0.686660
0.708750
0.701030
0.721770
0.674220
0.692050
0.697880
0.678520
0.718540
0.682820
0.670330
0.690150
0.691540
0.673030
0.695430
0.686860
0.690970
0.689330
0.692820
0.670750
0.687830
0.705080
0.709590
0.696470
0.694430
0.692870
0.696430
0.696640
0.696290
0.696190
0.695830
0.708750
0.693990
0.717480
0.701970
0.691760
0.678880
0.705730
0.693890
