0.673150
0.692430
0.685290
0.695050
0.684520
0.679620
0.711580
0.687630
0.682350
0.712710
0.690470
0.691990
0.683180
0.706940
0.697030
0.683250
0.708310
0.673630
0.686580
0.690440
0.702030
0.672340
0.692020
0.696790
0.697800
0.670470
0.729050
0.726880
0.688310
0.690020
0.693780
0.695780
0.698360
0.688630
0.687400
0.686830
0.687460
0.699790
0.693180
0.680830
0.688070
0.687210
0.678490
0.686380
0.682540
0.685420
0.692360
0.689840
0.683150
0.684500
0.675780
0.681870
0.685990
0.679140
0.685240
0.690820
0.675810
0.681860
0.690250
0.702870
0.681070
0.679420
0.709810
0.675660
0.719980
0.672950
0.668000
0.697250
0.677970
0.672430
0.691070
0.683390
0.681790
0.694660
0.729430
0.684960
0.693310
0.714450
0.683580
0.712150
0.680760
0.680050
0.691540
0.704920
0.694150
0.699430
0.691350
0.692280
0.694640
0.698110
0.696480
0.694290
0.692020
0.709440
0.691990
0.692630
0.696010
0.686380
0.696810
0.673810
