0.667590
0.700780
0.687290
0.677750
0.688460
0.681030
0.713710
0.687390
0.679430
0.681520
0.751240
0.690880
0.689190
0.706630
0.673880
0.689760
0.677370
0.673840
0.672820
0.685670
0.667950
0.676840
0.672350
0.669880
0.686520
0.687740
0.724760
0.688140
0.687400
0.684680
0.686800
0.687050
0.691480
0.684570
0.687820
0.686330
0.687300
0.716500
0.690000
0.682050
0.699680
0.683890
0.695880
0.668560
0.680330
0.687480
0.690090
0.687710
0.677470
0.672940
0.700830
0.713370
0.675230
0.674220
0.694980
0.698280
0.680070
0.676460
0.687400
0.678580
0.680180
0.718660
0.688000
0.680870
0.717010
0.680680
0.676190
0.696920
0.678040
0.716650
0.669580
0.667690
0.677910
0.695360
0.696710
0.688940
0.694670
0.676670
0.687230
0.700490
0.678670
0.716750
0.694000
0.709040
0.692000
0.694210
0.693190
0.695370
0.707200
0.696990
0.690900
0.693120
0.692720
0.697020
0.699730
0.701990
0.690400
0.684260
0.688410
0.682930
