0.901450
0.828200
0.900660
0.860750
0.919950
0.856420
0.919000
0.918330
0.855220
0.862750
0.872390
0.880260
0.866350
0.850470
0.860130
0.847330
0.868690
0.866040
0.868730
0.893580
0.886770
0.943000
0.811020
0.840180
0.844960
0.888930
0.843820
0.854840
0.820240
0.913440
0.915910
0.867690
0.875900
0.898290
0.874060
0.881020
0.865540
0.865830
0.843230
0.873590
0.858090
0.877310
0.870380
0.824760
0.909550
0.877480
0.842210
0.873000
0.873630
0.853350
0.906370
0.824070
0.881120
0.895320
0.864520
0.901900
0.849190
0.860210
0.876890
0.878630
0.898170
0.858440
0.859350
0.853860
0.877820
0.874970
0.829400
0.890550
0.860060
0.868640
0.863510
0.840510
0.875830
0.856600
0.852310
0.877190
0.894590
0.918700
0.825630
0.906440
0.853660
0.890010
0.867310
0.874420
0.851000
0.876990
0.866780
0.872470
0.889090
0.866640
0.917700
0.880170
0.876260
0.884100
0.929530
0.856650
0.846360
0.909580
0.874660
0.860290
