0.949290
0.930040
0.957970
0.930560
0.932170
0.947030
0.911920
0.942980
0.937190
0.931180
0.951290
0.929500
0.921970
0.965220
0.976110
0.971230
0.949410
0.950680
0.907400
0.953130
0.950820
0.956750
0.935130
0.928760
0.937120
0.931190
0.933440
0.934290
0.940680
0.912260
0.965790
0.953710
0.944840
0.940520
0.926670
0.906510
0.932520
0.968290
0.939660
0.940900
0.954520
0.942450
0.946790
0.974370
0.946290
0.939020
0.884100
0.936710
0.936540
0.911170
0.908480
0.934770
0.961510
0.916640
0.939960
0.962030
0.923550
0.964540
0.906130
0.929200
0.942670
0.939430
0.927760
0.910310
0.908070
0.924830
0.930670
0.949750
0.953200
0.919760
0.946270
0.949330
0.944830
0.883780
0.928610
0.939750
0.946780
0.912570
0.923220
0.907000
0.942180
0.918330
0.918850
0.948410
0.936130
0.946460
0.953760
0.910890
0.916110
0.960180
0.948400
0.948970
0.928900
0.901810
0.903290
0.892310
0.916460
0.878390
0.948040
0.922740
