0.941910
0.965750
0.966250
0.965830
0.958290
0.970560
0.948990
0.968240
0.935490
0.961370
0.970940
0.965980
0.979640
0.956510
0.956060
0.946240
0.948350
0.959070
0.984550
0.977530
0.965600
0.975060
0.952010
0.968030
0.955860
0.950550
0.962660
0.963730
0.976530
0.987700
0.955440
0.983190
0.965630
0.950560
0.964340
0.979140
0.942800
0.966690
0.941640
0.971030
0.978390
0.951180
0.982820
0.986510
0.966200
0.970010
0.925530
0.970350
0.941700
0.977830
0.983700
0.984360
0.967580
0.966090
0.947670
0.953380
0.951120
0.941720
0.987140
0.924590
0.969070
0.960450
0.947510
0.958870
0.935460
0.985200
0.945750
0.984400
0.971190
0.984830
0.973680
0.954160
0.970620
0.951370
0.942980
0.954310
0.953020
0.957740
0.955160
0.960520
0.944000
0.963630
0.982520
0.951480
0.962620
0.970040
0.982190
0.970350
0.956800
0.960950
0.966720
0.952660
0.970010
0.957040
0.978550
0.909430
0.980540
0.976720
0.958580
0.965660
