0.856630
0.892000
0.896690
0.933260
0.934770
0.890930
0.930290
0.864580
0.893270
0.887850
0.930870
0.876510
0.881260
0.857990
0.900920
0.916340
0.867740
0.880130
0.910720
0.887030
0.915840
0.943140
0.921510
0.871490
0.897050
0.944690
0.894310
0.904860
0.881570
0.936420
0.921020
0.891840
0.911170
0.873480
0.893580
0.903510
0.868350
0.899360
0.894620
0.910540
0.866050
0.887270
0.884150
0.923460
0.934090
0.921090
0.885940
0.896470
0.874880
0.939950
0.929380
0.909100
0.911740
0.885830
0.913620
0.901770
0.939460
0.920780
0.877750
0.918920
0.858850
0.894930
0.932330
0.930690
0.910020
0.844870
0.847710
0.913510
0.910780
0.900600
0.875960
0.865970
0.957000
0.893110
0.887300
0.864850
0.863340
0.855660
0.941410
0.877590
0.886270
0.852300
0.873250
0.942520
0.884080
0.912710
0.888840
0.892600
0.902570
0.885490
0.882880
0.878170
0.878290
0.878240
0.872740
0.877030
0.864440
0.868850
0.871160
0.883570
