0.831590
0.829820
0.851550
0.857480
0.836120
0.847410
0.895980
0.856850
0.856490
0.885630
0.865840
0.828740
0.870290
0.855000
0.885190
0.851880
0.839440
0.885880
0.866780
0.869640
0.866560
0.868230
0.857660
0.898110
0.832420
0.859680
0.871920
0.818290
0.848500
0.918350
0.892490
0.873620
0.810230
0.874430
0.859110
0.866870
0.884690
0.888380
0.871100
0.865000
0.860290
0.870940
0.870820
0.844330
0.879220
0.852760
0.835200
0.875220
0.856230
0.930630
0.885320
0.902640
0.853910
0.829280
0.840000
0.875270
0.834830
0.871900
0.873480
0.880360
0.865150
0.884040
0.902500
0.887770
0.850980
0.857580
0.890020
0.869790
0.829200
0.892610
0.845280
0.858710
0.886190
0.816210
0.866050
0.891740
0.865010
0.876580
0.831610
0.773540
0.838270
0.852460
0.847590
0.860490
0.869500
0.878410
0.865450
0.865470
0.863470
0.884980
0.878750
0.824190
0.875880
0.852760
0.858000
0.848980
0.867610
0.851260
0.870750
0.855780
