0.895240
0.914380
0.927070
0.943070
0.920050
0.954650
0.955270
0.961080
0.933760
0.974320
0.926310
0.944770
0.907620
0.901690
0.932750
0.954400
0.924470
0.927110
0.954060
0.954360
0.951850
0.949670
0.909790
0.942180
0.964150
0.927430
0.937490
0.920660
0.929930
0.928790
0.932250
0.976490
0.885530
0.935070
0.953900
0.934590
0.923820
0.912420
0.894460
0.919550
0.948280
0.954930
0.944980
0.913900
0.927290
0.938650
0.930710
0.957240
0.914410
0.939750
0.959420
0.924040
0.962540
0.899490
0.928940
0.934980
0.914210
0.888920
0.924210
0.950490
0.935970
0.912380
0.886170
0.919700
0.955410
0.926190
0.928210
0.927830
0.916070
0.953470
0.941430
0.939250
0.885020
0.956790
0.936560
0.976080
0.940720
0.927850
0.932900
0.940600
0.971780
0.919930
0.923750
0.922970
0.889030
0.942810
0.917230
0.960360
0.930310
0.926700
0.928120
0.948890
0.947300
0.930030
0.912610
0.967490
0.912160
0.906430
0.941800
0.914100
