0.968920
0.970120
0.965630
0.942720
0.959050
0.961110
0.979770
0.971900
0.940170
0.945240
0.972070
0.967020
0.978550
0.945550
0.934160
0.961850
0.960170
0.983000
0.959250
0.992600
0.965950
0.979310
0.971940
0.970460
0.934490
0.967740
0.947130
0.991920
0.992810
0.890510
0.959710
0.975230
0.962990
0.985770
0.982350
0.980840
0.959670
0.981520
0.988640
0.986280
0.944960
0.942430
0.972240
0.938390
0.948390
0.980230
0.957770
0.948070
0.982500
0.975650
0.950930
0.976010
0.970530
0.974040
0.938810
0.973430
0.966720
0.984650
0.981390
0.938520
0.985090
0.983140
0.942380
0.986600
0.977650
0.990800
0.985100
0.934850
0.989540
0.943240
0.933210
0.987520
0.951010
0.988170
0.976910
0.973650
0.962350
0.962400
0.975590
0.934180
0.963520
0.924640
0.977280
0.967390
0.991660
0.977080
0.971310
0.953830
0.939170
0.990890
0.964330
0.963280
0.974090
0.972250
0.959060
0.972860
0.955890
0.990850
0.934150
0.956130
