0.812700
0.842690
0.858190
0.884290
0.869000
0.839430
0.849150
0.833920
0.891560
0.886780
0.878120
0.851580
0.888590
0.862080
0.838990
0.834780
0.873770
0.884920
0.894070
0.884230
0.866860
0.919390
0.823650
0.827860
0.873560
0.840850
0.846990
0.827230
0.869670
0.834290
0.848230
0.867550
0.892000
0.883740
0.874580
0.884360
0.884800
0.870750
0.842520
0.902180
0.899320
0.877280
0.871400
0.882050
0.901810
0.896170
0.883790
0.880210
0.871850
0.889070
0.891580
0.852250
0.852800
0.885580
0.844410
0.879280
0.847320
0.863920
0.879270
0.878480
0.862890
0.849240
0.879380
0.883480
0.873660
0.881190
0.871490
0.829290
0.879320
0.829260
0.885610
0.889610
0.873510
0.842300
0.814960
0.837190
0.916830
0.848950
0.856090
0.834170
0.904990
0.830720
0.889270
0.873560
0.876140
0.867790
0.892150
0.867440
0.889740
0.863600
0.914540
0.944180
0.911780
0.855010
0.882430
0.878730
0.850600
0.894660
0.866420
0.847490
