0.941510
0.981130
0.946880
0.977430
0.966050
0.982190
0.941490
0.984480
0.968040
0.930690
0.958620
0.972360
0.956170
0.974400
0.950730
0.984170
0.975820
0.972080
0.977580
0.973650
0.933080
0.974390
0.928650
0.961340
0.944360
0.957280
0.977940
0.949910
0.982860
0.958910
0.950570
0.975740
0.983230
0.971080
0.987520
0.930390
0.962370
0.972830
0.969890
0.953870
0.960260
0.975950
0.968350
0.987220
0.948430
0.938780
0.977460
0.959040
0.976370
0.947450
0.979360
0.965850
0.929720
0.977410
0.976910
0.958760
0.962150
0.941820
0.950640
0.963570
0.982300
0.983940
0.947090
0.916970
0.984600
0.973810
0.950600
0.961370
0.961030
0.943490
0.978870
0.960240
0.958100
0.958620
0.974040
0.984670
0.980400
0.953800
0.954520
0.940520
0.970870
0.957440
0.990550
0.960250
0.978550
0.969610
0.981620
0.965890
0.952610
0.956630
0.971940
0.956780
0.976110
0.982540
0.979750
0.966910
0.980600
0.973020
0.976020
0.982320
