0.963780
0.953450
0.916550
0.951160
0.923760
0.983680
0.946290
0.977260
0.961750
0.963480
0.928700
0.955790
0.954510
0.984850
0.986850
0.961310
0.986370
0.965910
0.935600
0.944400
0.961380
0.969090
0.989540
0.986760
0.938200
0.970140
0.915870
0.982950
0.960160
0.992800
0.962410
0.964190
0.915640
0.972750
0.977550
0.988170
0.979910
0.982100
0.907250
0.963670
0.982780
0.994790
0.990390
0.956670
0.956970
0.988950
0.982900
0.995650
0.956070
0.964760
0.961910
0.986280
0.986490
0.976470
0.975100
0.990470
0.965800
0.946890
0.930430
0.980620
0.972230
0.967720
0.988590
0.978280
0.966750
0.987460
0.941860
0.936290
0.973150
0.984500
0.936060
0.979010
0.973810
0.960530
0.983830
0.973230
0.957590
0.990540
0.958900
0.984860
0.942090
0.946980
0.983160
0.947370
0.981850
0.956270
0.988240
0.976950
0.971200
0.983110
0.987600
0.980000
0.981290
0.976550
0.947700
0.985220
0.973680
0.974200
0.971380
0.970760
