0.866310
0.877280
0.848730
0.857130
0.826970
0.849910
0.844490
0.888270
0.890750
0.828740
0.873470
0.896560
0.854830
0.872670
0.869770
0.842600
0.828150
0.906070
0.867540
0.867590
0.867410
0.879320
0.874300
0.868760
0.866290
0.852010
0.848970
0.892110
0.840800
0.930290
0.884730
0.882000
0.855780
0.875220
0.868260
0.865320
0.867500
0.868670
0.877990
0.882130
0.903010
0.877050
0.887340
0.868090
0.859140
0.825860
0.855600
0.931260
0.847330
0.898860
0.842780
0.878630
0.857750
0.887120
0.882290
0.830420
0.881750
0.902220
0.859510
0.860380
0.845640
0.867090
0.867880
0.898390
0.869680
0.879660
0.895490
0.872200
0.872920
0.881680
0.823430
0.858690
0.877520
0.905340
0.906150
0.867840
0.895350
0.885250
0.835990
0.881330
0.836870
0.837190
0.913360
0.883360
0.872660
0.871800
0.918030
0.866910
0.864640
0.867060
0.839780
0.841410
0.878470
0.854350
0.897390
0.861100
0.887200
0.868610
0.852490
0.871220
