0.989560
0.966220
0.973300
0.984280
0.973950
0.977410
0.968840
0.968690
0.993720
0.961960
0.986770
0.968030
0.923030
0.925820
0.976630
0.959650
0.994640
0.958430
0.985150
0.989340
0.955440
0.900410
0.990180
0.972410
0.953810
0.974280
0.988960
0.945470
0.980080
0.985020
0.959850
0.965270
0.946860
0.978430
0.958740
0.959150
0.923980
0.978610
0.955640
0.953180
0.987490
0.924090
0.947840
0.961020
0.934740
0.996910
0.960830
0.973080
0.971580
0.961240
0.944670
0.988780
0.986020
0.981030
0.982010
0.989960
0.964540
0.984230
0.949190
0.973360
0.969000
0.954190
0.989220
0.982380
0.984770
0.982730
0.979600
0.939800
0.975290
0.976480
0.980130
0.967350
0.983200
0.982910
0.963150
0.980390
0.974200
0.980440
0.991320
0.980720
0.964610
0.928910
0.972940
0.979230
0.972230
0.969070
0.924840
0.986760
0.970220
0.971270
0.987600
0.959490
0.939020
0.936120
0.915090
0.980490
0.965000
0.983360
0.943650
0.967460
