0.977590
0.974470
0.988740
0.984810
0.957430
0.990630
0.932690
0.947350
0.970250
0.971660
0.969640
0.957460
0.955110
0.981410
0.935940
0.987850
0.979160
0.961910
0.984690
0.964600
0.947600
0.985090
0.951230
0.968490
0.941520
0.961200
0.945590
0.976300
0.959860
0.986070
0.977570
0.950060
0.971150
0.953260
0.973010
0.968340
0.956520
0.982070
0.971390
0.981060
0.986230
0.977730
0.959140
0.969660
0.975240
0.972030
0.934130
0.979970
0.964910
0.955560
0.981120
0.976740
0.963930
0.992640
0.948370
0.973860
0.964360
0.967290
0.971300
0.989830
0.995950
0.976660
0.987160
0.947140
0.968920
0.979050
0.969100
0.976010
0.948930
0.987300
0.949570
0.955710
0.983610
0.947830
0.937930
0.956770
0.966010
0.987770
0.984690
0.970650
0.956010
0.980370
0.963450
0.976840
0.974890
0.969850
0.976300
0.968930
0.940750
0.980870
0.971120
0.939010
0.962160
0.974580
0.942800
0.979420
0.982440
0.953090
0.980130
0.985140
