0.907140
0.947720
0.923480
0.951340
0.956840
0.937220
0.934590
0.942880
0.931960
0.891850
0.959240
0.924910
0.948790
0.937800
0.946680
0.955260
0.954030
0.935540
0.932100
0.935180
0.961770
0.937290
0.913100
0.916280
0.936280
0.949710
0.963830
0.933630
0.976400
0.923210
0.971010
0.937560
0.961480
0.934490
0.928110
0.960690
0.926040
0.933700
0.938890
0.916720
0.959620
0.971000
0.973320
0.936760
0.902550
0.939650
0.918100
0.926790
0.962810
0.960090
0.927170
0.951850
0.968440
0.939760
0.934710
0.954900
0.941040
0.922680
0.903410
0.930670
0.881900
0.924590
0.928410
0.915670
0.931950
0.964330
0.935680
0.933550
0.945590
0.938730
0.952130
0.933060
0.912130
0.933810
0.919760
0.978640
0.940660
0.928010
0.937880
0.937830
0.921140
0.917750
0.942030
0.918710
0.956170
0.921170
0.959990
0.961750
0.927480
0.935160
0.936250
0.942950
0.941610
0.926690
0.947350
0.912680
0.916910
0.948590
0.921600
0.921450
