0.882150
0.864200
0.837360
0.865940
0.856560
0.855080
0.851270
0.865380
0.863340
0.837620
0.820510
0.885940
0.865000
0.904250
0.895040
0.826360
0.853050
0.816020
0.866780
0.873890
0.868890
0.867450
0.847470
0.894720
0.898120
0.905550
0.820930
0.835020
0.870400
0.865250
0.919170
0.892020
0.821580
0.859130
0.907880
0.856980
0.869480
0.869400
0.859310
0.866850
0.865250
0.860110
0.871620
0.895630
0.873130
0.880430
0.840920
0.847690
0.875010
0.815910
0.822760
0.885450
0.900970
0.852770
0.812200
0.904220
0.886120
0.862220
0.893890
0.871800
0.864030
0.877990
0.880330
0.886400
0.851630
0.864150
0.912000
0.890830
0.875800
0.899720
0.878390
0.878990
0.844380
0.816180
0.900560
0.862690
0.843850
0.834250
0.880760
0.879040
0.833810
0.813560
0.892870
0.825390
0.871350
0.869750
0.866070
0.909600
0.865600
0.876570
0.862900
0.889040
0.844150
0.875500
0.875760
0.859310
0.868890
0.905070
0.852560
0.913780
