0.690830
0.687560
0.676450
0.691230
0.729360
0.703930
0.676540
0.688500
0.703160
0.687000
0.716120
0.699200
0.707290
0.726990
0.666350
0.696210
0.691320
0.690180
0.684070
0.690610
0.694430
0.721400
0.704940
0.688190
0.676590
0.703890
0.702560
0.691040
0.675530
0.694240
0.690560
0.687810
0.676700
0.692710
0.683410
0.687950
0.695920
0.694170
0.712100
0.673330
0.683530
0.690380
0.687290
0.715610
0.685250
0.685890
0.692870
0.696720
0.685480
0.685660
0.681290
0.685990
0.721780
0.688250
0.682630
0.681270
0.693810
0.734190
0.689860
0.679770
0.678880
0.680060
0.695430
0.696450
0.695550
0.719820
0.705400
0.712240
0.689710
0.676760
0.696710
0.696800
0.690140
0.686340
0.682680
0.677800
0.676290
0.671190
0.674190
0.696170
0.682890
0.703290
0.704080
0.680680
0.694140
0.697960
0.703080
0.709850
0.689560
0.684660
0.686640
0.692130
0.683480
0.684110
0.702870
0.676860
0.675260
0.699570
0.675150
0.682150
