0.685220
0.696940
0.692290
0.684110
0.666870
0.696750
0.702410
0.721340
0.698770
0.689860
0.685840
0.708440
0.687090
0.685540
0.682510
0.678450
0.675930
0.694990
0.688640
0.692920
0.699520
0.695440
0.683290
0.691230
0.685050
0.689680
0.708640
0.680850
0.694670
0.700670
0.681910
0.691400
0.686190
0.748830
0.684890
0.701690
0.725270
0.679780
0.681910
0.672440
0.678490
0.677570
0.680610
0.693030
0.716280
0.697150
0.704050
0.721060
0.693090
0.713710
0.690010
0.683210
0.689980
0.687670
0.740310
0.700850
0.691060
0.689610
0.717260
0.712480
0.708380
0.683940
0.703070
0.690610
0.731430
0.692130
0.683860
0.711640
0.694680
0.685550
0.698820
0.671800
0.678750
0.682800
0.690160
0.682960
0.713970
0.696660
0.682640
0.691190
0.694780
0.691050
0.694740
0.695670
0.692920
0.677720
0.706550
0.672490
0.685010
0.690590
0.696310
0.689230
0.685630
0.725960
0.693240
0.681090
0.696310
0.690170
0.702700
0.694730
