0.679680
0.677950
0.682320
0.677950
0.684070
0.696610
0.705190
0.696180
0.691930
0.687740
0.694670
0.710660
0.692950
0.680790
0.665650
0.668910
0.678260
0.696450
0.680130
0.705890
0.686890
0.695540
0.689380
0.680150
0.683440
0.689680
0.709300
0.694240
0.694070
0.694750
0.665300
0.674780
0.668390
0.747640
0.684000
0.698950
0.671460
0.681400
0.675410
0.694490
0.678780
0.675350
0.672850
0.684730
0.718150
0.682040
0.703130
0.688650
0.671590
0.692410
0.690080
0.692300
0.702450
0.681620
0.679980
0.702670
0.690740
0.694220
0.715180
0.709000
0.701970
0.685690
0.702100
0.689220
0.686390
0.691290
0.682700
0.707890
0.693860
0.687230
0.672820
0.675580
0.694260
0.680750
0.682180
0.681190
0.681930
0.682780
0.684180
0.695680
0.692820
0.689470
0.682980
0.717800
0.690110
0.676590
0.715940
0.697630
0.672710
0.678300
0.698900
0.688760
0.686130
0.728530
0.692590
0.680620
0.678190
0.691500
0.705070
0.683190
