0.671850
0.675260
0.685960
0.681380
0.680960
0.665770
0.674380
0.676330
0.693330
0.682090
0.669290
0.700600
0.705660
0.686740
0.685730
0.689670
0.678770
0.692470
0.690120
0.673230
0.681290
0.669680
0.686890
0.698870
0.692300
0.702100
0.683400
0.681200
0.679430
0.703270
0.701260
0.698060
0.692190
0.687220
0.693990
0.681060
0.688300
0.672410
0.700950
0.671440
0.703430
0.689460
0.700170
0.685010
0.685940
0.683460
0.679480
0.701850
0.680310
0.716690
0.680410
0.687130
0.684540
0.678480
0.698800
0.694200
0.680320
0.702300
0.677800
0.702900
0.692200
0.672830
0.704020
0.676830
0.690660
0.690890
0.690580
0.678480
0.678380
0.711600
0.691460
0.687640
0.680650
0.680820
0.703230
0.691570
0.697090
0.711460
0.699140
0.711820
0.686690
0.679600
0.688990
0.685690
0.682660
0.697620
0.708320
0.669350
0.685430
0.678540
0.753220
0.684820
0.674480
0.683750
0.688080
0.697760
0.683480
0.684890
0.696740
0.703990
