0.690890
0.689910
0.672780
0.685110
0.679970
0.677340
0.678580
0.682000
0.700750
0.687840
0.680060
0.701280
0.707010
0.679270
0.690020
0.694680
0.688540
0.690390
0.682470
0.690920
0.672730
0.688970
0.684800
0.687250
0.680060
0.681710
0.702750
0.679260
0.678330
0.694710
0.683390
0.700420
0.698410
0.679810
0.679650
0.680590
0.688860
0.686710
0.713620
0.709700
0.681850
0.672510
0.690340
0.680880
0.683440
0.678160
0.681340
0.682010
0.685530
0.686680
0.680990
0.677490
0.691660
0.678590
0.683460
0.682410
0.680810
0.732270
0.689260
0.681240
0.679230
0.677850
0.702960
0.681020
0.685340
0.695550
0.667590
0.684440
0.690140
0.690280
0.688040
0.698420
0.687310
0.682350
0.680050
0.676680
0.674200
0.677110
0.673400
0.698150
0.691460
0.702160
0.695830
0.675640
0.676050
0.694000
0.703510
0.709610
0.689750
0.683200
0.672730
0.694610
0.686920
0.676160
0.704490
0.679780
0.683670
0.678040
0.675570
0.681490
