0.712650
0.693550
0.703910
0.714860
0.673590
0.675440
0.690020
0.678210
0.666730
0.704700
0.698650
0.711250
0.679510
0.664200
0.670920
0.688940
0.669320
0.697450
0.660600
0.693010
0.695960
0.685840
0.695150
0.686960
0.700340
0.684140
0.678890
0.680520
0.701760
0.701410
0.679740
0.697770
0.700110
0.686960
0.696670
0.675480
0.677460
0.684580
0.694410
0.692240
0.670540
0.688170
0.674080
0.683660
0.678130
0.685380
0.672820
0.699650
0.717580
0.678250
0.688030
0.688550
0.680180
0.685080
0.685540
0.679880
0.686240
0.681640
0.689540
0.698630
0.685350
0.691400
0.689250
0.690400
0.677910
0.670610
0.698820
0.713860
0.681630
0.698570
0.685050
0.688700
0.696990
0.682880
0.680830
0.676860
0.674850
0.676620
0.696170
0.675870
0.667390
0.677140
0.670780
0.685770
0.700030
0.693920
0.698810
0.679890
0.718560
0.685510
0.677800
0.670130
0.694430
0.691920
0.689220
0.675470
0.716410
0.688320
0.673400
0.666370
