0.673950
0.671960
0.700670
0.690890
0.704510
0.678000
0.677270
0.655120
0.672460
0.672470
0.684300
0.701330
0.684870
0.681660
0.672890
0.685010
0.665760
0.733430
0.689620
0.693250
0.702880
0.687000
0.689750
0.679440
0.684550
0.680640
0.687940
0.678900
0.670460
0.699860
0.708220
0.678870
0.698480
0.694250
0.691840
0.669190
0.697250
0.675560
0.700510
0.688910
0.676400
0.678700
0.685910
0.667700
0.675730
0.695590
0.685550
0.688570
0.694900
0.687160
0.673400
0.675400
0.684630
0.688140
0.670120
0.682880
0.673520
0.691660
0.681870
0.669830
0.680080
0.690240
0.694250
0.671870
0.690910
0.681740
0.695630
0.712040
0.671990
0.674990
0.684020
0.687310
0.705710
0.707010
0.682760
0.704160
0.682290
0.681460
0.695460
0.700160
0.688920
0.673650
0.687220
0.693870
0.676230
0.694930
0.671120
0.682140
0.717280
0.673920
0.690230
0.674250
0.699410
0.709090
0.675930
0.686660
0.670460
0.678890
0.671580
0.683020
