0.692540
0.705330
0.683320
0.700900
0.695780
0.682530
0.683870
0.675080
0.724870
0.684210
0.690530
0.700460
0.703840
0.687620
0.674450
0.680210
0.669220
0.694030
0.686880
0.692660
0.673380
0.673690
0.691950
0.696950
0.692910
0.699650
0.702250
0.688640
0.714190
0.697370
0.700860
0.693570
0.724910
0.709430
0.689570
0.684080
0.682880
0.687750
0.700330
0.684320
0.679650
0.718260
0.698840
0.685910
0.685050
0.672690
0.701270
0.683680
0.699490
0.673740
0.683370
0.692770
0.676660
0.676640
0.697470
0.695000
0.687710
0.675640
0.675520
0.685580
0.680510
0.705270
0.694020
0.690480
0.686720
0.687940
0.702160
0.690180
0.680870
0.681890
0.678710
0.669620
0.669840
0.681440
0.682340
0.691530
0.672820
0.709040
0.698190
0.708530
0.689740
0.685480
0.682280
0.699290
0.678730
0.692630
0.704180
0.670790
0.683810
0.677290
0.681090
0.683510
0.688370
0.669620
0.693810
0.696260
0.682630
0.685960
0.698160
0.710060
