0.678270
0.672970
0.681080
0.681120
0.694390
0.679550
0.679360
0.679080
0.718170
0.691030
0.692230
0.697800
0.706180
0.684830
0.666210
0.689500
0.686930
0.696050
0.688420
0.700590
0.682070
0.688660
0.687960
0.687780
0.694640
0.698820
0.676480
0.685040
0.687980
0.697030
0.700540
0.678480
0.718810
0.688220
0.714770
0.673270
0.674270
0.682020
0.701100
0.665850
0.676700
0.696530
0.697120
0.687180
0.682390
0.670140
0.686940
0.697640
0.675170
0.698370
0.685300
0.682470
0.687940
0.699640
0.697060
0.692680
0.684700
0.711500
0.677180
0.696580
0.676560
0.688450
0.698290
0.698630
0.687790
0.684390
0.698010
0.674540
0.679660
0.673100
0.679970
0.680410
0.671750
0.708030
0.694440
0.700800
0.709540
0.707800
0.696710
0.709070
0.686430
0.681950
0.685370
0.681140
0.686040
0.677160
0.721660
0.690450
0.684530
0.694450
0.696040
0.684110
0.689770
0.671950
0.690210
0.697470
0.699240
0.694080
0.697020
0.689950
