0.693990
0.690240
0.693430
0.684060
0.730780
0.703790
0.737510
0.686890
0.700450
0.685930
0.716770
0.697730
0.706990
0.727380
0.695690
0.694110
0.693060
0.689280
0.690220
0.691090
0.706070
0.721060
0.686110
0.694030
0.688550
0.701500
0.702790
0.688980
0.675650
0.694320
0.693510
0.686910
0.690610
0.681530
0.682000
0.688050
0.687860
0.711630
0.713640
0.685710
0.702200
0.689200
0.701770
0.685700
0.692410
0.691790
0.692240
0.695260
0.695240
0.683560
0.679080
0.683320
0.720230
0.687790
0.673470
0.681810
0.689290
0.732110
0.690050
0.681150
0.681300
0.682110
0.694710
0.696830
0.687540
0.692590
0.697220
0.711770
0.697290
0.678730
0.698530
0.732160
0.687660
0.683630
0.690660
0.679160
0.691250
0.671740
0.676340
0.698190
0.682570
0.701500
0.707560
0.716600
0.696260
0.696400
0.703840
0.706490
0.686970
0.682400
0.704940
0.693360
0.685390
0.691510
0.703610
0.699490
0.675480
0.699550
0.682730
0.684380
