0.695640
0.681280
0.678530
0.678850
0.672020
0.687340
0.701590
0.691920
0.693720
0.720000
0.672650
0.707020
0.689120
0.680200
0.689670
0.684780
0.672880
0.695840
0.682990
0.679860
0.683470
0.684530
0.713010
0.691620
0.680850
0.680870
0.730500
0.685080
0.697490
0.693090
0.687990
0.691120
0.699770
0.746390
0.664490
0.693120
0.673860
0.689850
0.680110
0.663410
0.681040
0.662590
0.674160
0.663520
0.695320
0.674630
0.686560
0.695970
0.675130
0.682410
0.682490
0.687590
0.697900
0.677350
0.676210
0.700820
0.692150
0.679490
0.671530
0.713570
0.704160
0.683100
0.708430
0.672080
0.688100
0.684580
0.683260
0.712750
0.688230
0.711800
0.690160
0.688900
0.682020
0.685050
0.696400
0.680140
0.682650
0.682910
0.685160
0.696990
0.675360
0.693270
0.685840
0.719890
0.677860
0.678730
0.704160
0.687480
0.673080
0.678750
0.698730
0.673860
0.687780
0.679700
0.690160
0.689120
0.698430
0.688760
0.705690
0.682440
