0.683480
0.679280
0.684070
0.683310
0.687140
0.688260
0.703670
0.697230
0.690520
0.687280
0.687840
0.705910
0.692380
0.680590
0.672040
0.687080
0.680660
0.695350
0.677340
0.696520
0.687070
0.701140
0.690400
0.685170
0.686150
0.684880
0.707620
0.681190
0.693600
0.695640
0.677070
0.670010
0.685050
0.750330
0.684230
0.701960
0.677680
0.687650
0.702950
0.674300
0.681570
0.674580
0.678310
0.686520
0.719080
0.686600
0.701720
0.690070
0.691410
0.694190
0.691700
0.685200
0.705270
0.687590
0.693760
0.701320
0.689880
0.689850
0.717600
0.709930
0.705800
0.693100
0.702750
0.687870
0.692420
0.692830
0.692870
0.711010
0.692320
0.716450
0.688110
0.685250
0.685220
0.715840
0.688550
0.681310
0.694410
0.691800
0.691150
0.697700
0.693850
0.690130
0.682640
0.674130
0.692360
0.699580
0.703860
0.674970
0.686010
0.678100
0.696890
0.689930
0.682690
0.727770
0.698310
0.682030
0.677580
0.693200
0.704530
0.682700
