0.676940
0.674980
0.679040
0.676130
0.670880
0.667710
0.691070
0.694110
0.692620
0.674520
0.700130
0.705620
0.679320
0.664350
0.680560
0.663170
0.692990
0.688100
0.664810
0.673600
0.672340
0.676130
0.671440
0.692360
0.701990
0.680100
0.681940
0.667150
0.694830
0.702440
0.677410
0.681480
0.685630
0.690690
0.673400
0.671080
0.677750
0.701950
0.681760
0.677660
0.689130
0.697350
0.662270
0.685960
0.672340
0.687110
0.670400
0.676340
0.670570
0.672510
0.684660
0.676120
0.687410
0.698390
0.690820
0.680350
0.669150
0.689030
0.685750
0.673010
0.665630
0.688210
0.676390
0.686600
0.682780
0.714990
0.672020
0.694760
0.695890
0.693270
0.661800
0.669990
0.682300
0.703140
0.699220
0.674340
0.710710
0.670070
0.712580
0.688270
0.679480
0.681990
0.683080
0.683090
0.676940
0.707140
0.672010
0.671320
0.676230
0.680130
0.686300
0.679170
0.674240
0.690330
0.695990
0.684860
0.677370
0.697430
0.688750
0.667600
