0.675890
0.688610
0.697670
0.690180
0.703320
0.681110
0.674440
0.686740
0.668740
0.670530
0.701660
0.702100
0.686840
0.679360
0.692970
0.694060
0.675650
0.731860
0.687110
0.690460
0.701990
0.684790
0.692520
0.678480
0.680250
0.711600
0.711080
0.679140
0.672040
0.698420
0.679130
0.687260
0.699070
0.694560
0.689540
0.676500
0.697450
0.677130
0.698890
0.694030
0.686250
0.695330
0.669790
0.686530
0.684430
0.703780
0.683790
0.691690
0.691190
0.707330
0.671100
0.672960
0.685590
0.688430
0.704980
0.681490
0.676680
0.690540
0.681180
0.678100
0.693230
0.738070
0.700830
0.671160
0.691060
0.684230
0.696680
0.714880
0.674920
0.682770
0.693560
0.686280
0.694030
0.703260
0.679280
0.706460
0.684790
0.694860
0.711170
0.699100
0.686050
0.683010
0.687460
0.691090
0.676140
0.696020
0.680110
0.708590
0.719410
0.677850
0.690150
0.680750
0.702350
0.707230
0.680980
0.685190
0.681430
0.678090
0.685610
0.683420
