0.712550
0.694170
0.702930
0.714500
0.669650
0.696190
0.691850
0.671050
0.665830
0.704840
0.699920
0.711520
0.674910
0.665660
0.671260
0.713380
0.698310
0.696460
0.679040
0.688780
0.707690
0.684640
0.698810
0.688530
0.700720
0.683980
0.695460
0.687510
0.686680
0.697700
0.704440
0.696970
0.710330
0.711230
0.695430
0.672970
0.676450
0.685710
0.679760
0.721670
0.693320
0.689520
0.672710
0.702720
0.711130
0.683010
0.677940
0.699710
0.714760
0.685390
0.694640
0.686550
0.679750
0.685130
0.689800
0.680740
0.676260
0.700010
0.687340
0.679620
0.682100
0.692570
0.687010
0.687020
0.685990
0.711390
0.696290
0.716610
0.692890
0.699000
0.697190
0.692220
0.693650
0.698820
0.682160
0.679730
0.695220
0.678670
0.697200
0.687690
0.677790
0.683300
0.679620
0.689520
0.695490
0.690440
0.700540
0.703620
0.717000
0.686260
0.676980
0.676790
0.696710
0.687960
0.689590
0.678890
0.701480
0.702550
0.679820
0.669630
