0.907190
0.916090
0.875280
0.877610
0.908220
0.880650
0.904560
0.903500
0.903510
0.906430
0.917470
0.900040
0.909230
0.919580
0.898280
0.906870
0.893620
0.888190
0.905800
0.904000
0.915610
0.903420
0.906770
0.905060
0.904920
0.917030
0.905160
0.904850
0.907880
0.903910
0.904790
0.907930
0.904510
0.904680
0.903530
0.904380
0.909620
0.905320
0.907630
0.905220
0.905660
0.916740
0.905810
0.904220
0.903420
0.905390
0.906500
0.904210
0.931890
0.905550
0.917490
0.923120
0.905350
0.920880
0.915870
0.903520
0.915640
0.904510
0.908590
0.904110
0.904940
0.906360
0.912520
0.906300
0.906920
0.906120
0.905970
0.926160
0.911570
0.927320
0.910560
0.904830
0.937910
0.918070
0.905370
0.905580
0.930850
0.905930
0.904270
0.921920
0.926290
0.905650
0.906010
0.908470
0.930010
0.904620
0.950500
0.914150
0.903580
0.909190
0.907500
0.910090
0.903140
0.920510
0.952940
0.903780
0.905170
0.930500
0.935830
0.904620
