0.898260
0.937280
0.907050
0.895860
0.920630
0.954270
0.918440
0.931550
0.952910
0.928320
0.915590
0.942010
0.896320
0.927750
0.905490
0.922950
0.900670
0.925030
0.916490
0.929540
0.946140
0.906020
0.937070
0.946180
0.912220
0.919920
0.941590
0.935500
0.936320
0.931040
0.935780
0.906500
0.935150
0.938690
0.904840
0.914590
0.917370
0.913420
0.904820
0.906200
0.904000
0.918690
0.926270
0.924070
0.905900
0.904820
0.930170
0.950350
0.918940
0.948960
0.938570
0.917390
0.934220
0.930730
0.928870
0.936820
0.931020
0.906110
0.929030
0.906710
0.930260
0.929530
0.941340
0.945810
0.921170
0.942720
0.915190
0.904900
0.932070
0.906600
0.919440
0.915840
0.927770
0.948700
0.924320
0.940410
0.906240
0.918360
0.946560
0.933920
0.919140
0.918070
0.925860
0.904450
0.924740
0.904770
0.922370
0.926020
0.904040
0.938840
0.943240
0.917090
0.934530
0.967470
0.932530
0.906190
0.928920
0.934820
0.903980
0.929710
