0.947790
0.938860
0.920030
0.925940
0.918790
0.885380
0.929720
0.926530
0.941980
0.906910
0.939660
0.942460
0.930020
0.915580
0.942980
0.946790
0.895710
0.894560
0.957340
0.906910
0.918910
0.949350
0.933450
0.937140
0.905640
0.913630
0.917610
0.919240
0.936310
0.946340
0.939860
0.910740
0.904830
0.934780
0.909680
0.919290
0.904350
0.909740
0.903750
0.909010
0.933060
0.927870
0.940790
0.919140
0.944390
0.942900
0.927290
0.904300
0.906130
0.913380
0.917390
0.919010
0.951960
0.924080
0.948670
0.922220
0.922800
0.935020
0.905070
0.907240
0.923900
0.924660
0.905340
0.909250
0.916350
0.932230
0.924430
0.905150
0.905760
0.942130
0.922140
0.938750
0.939060
0.903130
0.920040
0.972340
0.934650
0.904690
0.905750
0.905590
0.932780
0.913760
0.932610
0.920660
0.936650
0.904700
0.932670
0.904510
0.905300
0.958160
0.929530
0.910620
0.913290
0.907290
0.941980
0.927410
0.921580
0.923560
0.937400
0.909100
