0.876920
0.872290
0.939740
0.919450
0.869410
0.909660
0.921430
0.902680
0.903640
0.906600
0.865750
0.887070
0.887540
0.920320
0.909960
0.887180
0.884670
0.902720
0.904810
0.909250
0.904520
0.905350
0.904110
0.904850
0.906290
0.912550
0.909470
0.932840
0.903880
0.906280
0.913950
0.905730
0.904970
0.905940
0.904750
0.903660
0.905680
0.905250
0.910150
0.904480
0.906020
0.906350
0.921270
0.905630
0.923700
0.914230
0.906290
0.907580
0.937190
0.904810
0.918060
0.933660
0.906360
0.919040
0.922910
0.904810
0.905460
0.905330
0.906270
0.904490
0.904540
0.925120
0.914100
0.903930
0.905610
0.904950
0.931630
0.907430
0.913950
0.916320
0.906120
0.921650
0.913240
0.904540
0.934940
0.904830
0.948260
0.905590
0.919830
0.904390
0.929890
0.921260
0.927070
0.933410
0.920100
0.903310
0.903610
0.906320
0.905290
0.917190
0.908700
0.927240
0.907170
0.913660
0.904430
0.905350
0.938320
0.904900
0.904920
0.929440
