0.929180
0.920410
0.895060
0.912030
0.913150
0.911960
0.944080
0.927520
0.904330
0.942020
0.930600
0.961840
0.915580
0.883450
0.921590
0.903650
0.888260
0.896530
0.905880
0.904080
0.933470
0.921190
0.917230
0.905460
0.911690
0.904350
0.906540
0.938370
0.912790
0.942150
0.911760
0.937760
0.956610
0.903740
0.904630
0.945190
0.947420
0.923480
0.906100
0.921300
0.907880
0.938580
0.933190
0.939040
0.921790
0.946010
0.951660
0.918680
0.924920
0.921620
0.913930
0.917340
0.946060
0.948810
0.905360
0.939160
0.917460
0.928630
0.948860
0.935120
0.926470
0.903120
0.909340
0.904390
0.925190
0.941110
0.906440
0.903270
0.905440
0.916480
0.905120
0.924470
0.933610
0.944730
0.933800
0.913440
0.906330
0.934460
0.904820
0.917010
0.924040
0.942340
0.904580
0.903840
0.905000
0.921860
0.905970
0.906190
0.904740
0.910750
0.932520
0.908490
0.905510
0.903520
0.904690
0.920290
0.927400
0.904160
0.909060
0.947430
