0.893700
0.878000
0.909040
0.887850
0.925640
0.918790
0.901220
0.901750
0.903350
0.905610
0.860740
0.882420
0.888720
0.905340
0.863270
0.869220
0.899600
0.862210
0.928150
0.903920
0.917670
0.904620
0.926720
0.904380
0.905270
0.903320
0.910220
0.906130
0.908150
0.905580
0.904530
0.937020
0.904620
0.920350
0.922230
0.905100
0.905200
0.903910
0.905500
0.905580
0.905000
0.905310
0.907640
0.928210
0.905100
0.906570
0.904180
0.905690
0.904700
0.905950
0.916640
0.917610
0.904160
0.905620
0.924200
0.906300
0.903830
0.904410
0.904530
0.906420
0.945660
0.905930
0.905390
0.905470
0.915750
0.915490
0.904140
0.924280
0.904560
0.907090
0.911320
0.907140
0.938250
0.904560
0.905170
0.907280
0.905740
0.905330
0.904310
0.904300
0.904390
0.903920
0.903600
0.905140
0.904990
0.910680
0.903830
0.940080
0.904880
0.904320
0.908450
0.908560
0.905070
0.909420
0.906120
0.905940
0.903840
0.908270
0.904840
0.904920
