0.854290
0.913130
0.857700
0.871150
0.856020
0.911250
0.904270
0.910580
0.906940
0.921560
0.901890
0.867960
0.913870
0.896420
0.884990
0.896500
0.896240
0.905690
0.904860
0.907900
0.903800
0.904650
0.906510
0.906420
0.904660
0.937210
0.934510
0.923390
0.904340
0.920190
0.904690
0.951280
0.921580
0.904930
0.913500
0.905890
0.913720
0.903870
0.920140
0.914110
0.904970
0.914750
0.936750
0.904970
0.910000
0.903040
0.905050
0.925270
0.926440
0.914180
0.916800
0.935330
0.905900
0.917920
0.907790
0.904840
0.918890
0.905060
0.958470
0.910170
0.905460
0.904130
0.906500
0.930460
0.911230
0.905370
0.929590
0.904580
0.905780
0.905250
0.905900
0.912940
0.910760
0.906560
0.932780
0.904650
0.905210
0.907090
0.904930
0.928970
0.905410
0.905340
0.906090
0.904950
0.914840
0.905430
0.904310
0.935490
0.912580
0.913180
0.909740
0.905070
0.936650
0.906140
0.941810
0.926990
0.905440
0.910970
0.905480
0.905310
