0.903400
0.897780
0.879380
0.869990
0.871900
0.908860
0.903830
0.903140
0.902410
0.906370
0.843540
0.862160
0.903020
0.864190
0.880980
0.887420
0.861020
0.896660
0.905320
0.904370
0.906100
0.905330
0.904370
0.904440
0.906910
0.904220
0.905350
0.903380
0.905880
0.905860
0.906620
0.905760
0.906680
0.905240
0.912850
0.906500
0.904730
0.905400
0.905050
0.905880
0.912760
0.904820
0.905200
0.904620
0.905650
0.906270
0.906120
0.906890
0.905620
0.903480
0.904530
0.918470
0.904750
0.905590
0.904840
0.920110
0.905340
0.905890
0.905680
0.904040
0.906250
0.904050
0.905800
0.905190
0.904890
0.905110
0.904980
0.905370
0.904350
0.904720
0.905150
0.905190
0.915340
0.905230
0.905510
0.903930
0.905480
0.905760
0.905730
0.917790
0.905070
0.904210
0.905310
0.906350
0.904290
0.905880
0.904580
0.904050
0.904390
0.907760
0.908590
0.908340
0.903910
0.904320
0.906480
0.906110
0.905040
0.904270
0.904620
0.905220
