0.889740
0.944330
0.942740
0.890420
0.924960
0.917310
0.941720
0.904690
0.903370
0.935260
0.946840
0.946770
0.921340
0.941610
0.952980
0.922970
0.943680
0.934200
0.903950
0.905150
0.926720
0.956130
0.908350
0.932520
0.962400
0.905800
0.925770
0.968150
0.935480
0.969700
0.906060
0.903010
0.910900
0.922930
0.941810
0.929470
0.943140
0.905350
0.905640
0.961190
0.939420
0.914130
0.929100
0.927120
0.922740
0.935510
0.905610
0.926610
0.935570
0.956250
0.940880
0.918760
0.906850
0.918360
0.917010
0.903980
0.924220
0.957920
0.903820
0.905250
0.918300
0.932910
0.917260
0.904790
0.928210
0.904660
0.918930
0.934640
0.903320
0.906490
0.933950
0.918870
0.913920
0.906230
0.940960
0.906340
0.904310
0.904170
0.917880
0.943760
0.925940
0.924780
0.943110
0.904120
0.928080
0.950730
0.904450
0.934050
0.957170
0.925080
0.913670
0.938360
0.944380
0.920170
0.928970
0.953240
0.916980
0.904470
0.905220
0.905170
