0.912960
0.920330
0.923580
0.882360
0.885140
0.838420
0.902000
0.904670
0.904510
0.921760
0.864680
0.887010
0.900550
0.865230
0.883500
0.927690
0.892210
0.886730
0.904640
0.910690
0.920240
0.935830
0.904710
0.905140
0.904710
0.905450
0.904550
0.905920
0.905110
0.948930
0.904740
0.905630
0.903800
0.903290
0.903950
0.921600
0.920160
0.922750
0.905580
0.932430
0.914250
0.905090
0.906780
0.906080
0.905020
0.904980
0.904770
0.906390
0.904740
0.904990
0.918190
0.917070
0.904480
0.905760
0.905320
0.904840
0.905990
0.906700
0.908260
0.904900
0.903400
0.930420
0.947150
0.904000
0.905400
0.928820
0.904650
0.906320
0.903230
0.904320
0.904390
0.915620
0.938070
0.915180
0.915910
0.913110
0.906400
0.906270
0.915330
0.903430
0.903600
0.947690
0.905400
0.904740
0.906070
0.904220
0.904300
0.905270
0.904720
0.916290
0.909030
0.922390
0.902560
0.926850
0.904550
0.904800
0.904930
0.903880
0.913630
0.905640
