0.901460
0.917420
0.922400
0.927440
0.964280
0.952360
0.922470
0.958150
0.950670
0.934000
0.929860
0.953910
0.926730
0.916650
0.926440
0.923600
0.963270
0.956760
0.932800
0.916910
0.910850
0.930900
0.935720
0.934780
0.904730
0.960120
0.958730
0.930280
0.905430
0.935190
0.911310
0.921140
0.933040
0.904800
0.921400
0.941990
0.915870
0.906660
0.950230
0.904230
0.913050
0.939800
0.954620
0.945960
0.937160
0.905610
0.904500
0.942380
0.913900
0.909390
0.944160
0.925630
0.959750
0.913100
0.946190
0.918930
0.935420
0.915840
0.934760
0.950420
0.941000
0.938400
0.923920
0.914260
0.916430
0.952840
0.957600
0.923550
0.921960
0.920720
0.919290
0.953340
0.956690
0.925350
0.948380
0.957930
0.904820
0.938010
0.956150
0.916450
0.930440
0.936480
0.943480
0.904220
0.907330
0.938350
0.938790
0.960400
0.904470
0.936180
0.941590
0.909470
0.904480
0.944930
0.945800
0.958930
0.949510
0.905100
0.911000
0.935260
