0.845300
0.870630
0.853010
0.840570
0.828590
0.902820
0.903380
0.902910
0.906590
0.862910
0.901850
0.863580
0.861520
0.869750
0.863050
0.884750
0.875180
0.904400
0.906030
0.906020
0.905050
0.907310
0.904010
0.905360
0.904300
0.905910
0.907130
0.905160
0.903800
0.905790
0.904300
0.905950
0.904980
0.906010
0.906330
0.905200
0.906050
0.903650
0.906490
0.904970
0.904330
0.906750
0.904630
0.905320
0.903900
0.905300
0.905580
0.905390
0.941870
0.906590
0.918610
0.904800
0.903420
0.904150
0.904320
0.905130
0.903730
0.903560
0.903630
0.905380
0.906670
0.904640
0.907220
0.904450
0.904130
0.905700
0.904420
0.904460
0.906530
0.904780
0.904120
0.914770
0.906210
0.904230
0.905310
0.904760
0.904990
0.905130
0.915970
0.910340
0.905480
0.905350
0.903390
0.906360
0.904990
0.905930
0.905220
0.903610
0.904580
0.906510
0.910190
0.904950
0.903880
0.904680
0.903310
0.905560
0.905750
0.902440
0.905270
0.904720
