0.882410
0.929020
0.879790
0.904090
0.910230
0.905940
0.904170
0.904030
0.905620
0.898590
0.913220
0.917170
0.906930
0.899520
0.875580
0.872850
0.889950
0.946810
0.910040
0.904530
0.918360
0.905260
0.933510
0.916270
0.923710
0.903930
0.910980
0.922800
0.918400
0.932480
0.904890
0.908910
0.928320
0.904010
0.911520
0.929070
0.904730
0.905280
0.904750
0.905920
0.917300
0.905410
0.918690
0.904270
0.905050
0.905870
0.904780
0.904100
0.905200
0.918050
0.917920
0.906550
0.906110
0.903790
0.911480
0.924450
0.915610
0.916220
0.917730
0.906480
0.914010
0.904880
0.942020
0.905310
0.904540
0.913410
0.903720
0.904730
0.905180
0.906500
0.905730
0.914470
0.905620
0.925600
0.917870
0.904720
0.904900
0.903840
0.916220
0.930490
0.905870
0.919460
0.942240
0.905400
0.905920
0.903810
0.905930
0.904140
0.904840
0.908670
0.950790
0.904680
0.921600
0.907040
0.904330
0.922380
0.904460
0.913480
0.943610
0.906030
