0.902940
0.906210
0.896850
0.919510
0.901670
0.928510
0.904490
0.905390
0.912320
0.913830
0.946440
0.927630
0.926980
0.884090
0.889260
0.945470
0.884560
0.897900
0.923630
0.904850
0.904840
0.905810
0.911230
0.904570
0.906140
0.915290
0.906010
0.933490
0.937690
0.923420
0.923310
0.935800
0.904010
0.928330
0.905900
0.905590
0.912590
0.921470
0.907340
0.922340
0.905310
0.904280
0.917430
0.929190
0.937470
0.903770
0.906070
0.905600
0.903680
0.939200
0.939330
0.937760
0.931270
0.941140
0.908170
0.906060
0.917330
0.917030
0.904030
0.933410
0.918040
0.905530
0.906350
0.910290
0.913440
0.946900
0.916460
0.904770
0.919850
0.905700
0.926350
0.917600
0.938660
0.909370
0.953450
0.907130
0.904200
0.903720
0.904480
0.931560
0.906050
0.904280
0.905460
0.905830
0.906510
0.904800
0.905650
0.912830
0.904560
0.904210
0.908900
0.910040
0.912000
0.940960
0.904120
0.904660
0.905190
0.909030
0.904550
0.903870
