0.822900
0.863780
0.859840
0.893980
0.818100
0.863420
0.904380
0.917410
0.904060
0.907990
0.873670
0.868410
0.909280
0.876530
0.866010
0.863100
0.864450
0.863020
0.905290
0.903470
0.921750
0.904390
0.907730
0.905690
0.905940
0.905970
0.905270
0.905570
0.905040
0.910110
0.905510
0.906250
0.904720
0.906230
0.904320
0.908170
0.905020
0.905090
0.907590
0.904470
0.904280
0.905170
0.918670
0.904400
0.905840
0.904620
0.904450
0.904100
0.904760
0.905820
0.905390
0.917090
0.906010
0.904260
0.906280
0.906010
0.905820
0.905910
0.904330
0.904040
0.903720
0.906580
0.904230
0.905100
0.904560
0.912500
0.905170
0.912010
0.906160
0.906170
0.904410
0.916230
0.914550
0.906730
0.905010
0.905830
0.906440
0.905950
0.904260
0.916910
0.905340
0.906130
0.906560
0.905370
0.904660
0.903940
0.904000
0.905990
0.905470
0.904920
0.908390
0.908780
0.904680
0.905890
0.904280
0.905340
0.904470
0.902580
0.905190
0.904930
