0.688260
0.691680
0.707170
0.682310
0.674190
0.717390
0.677670
0.677900
0.690820
0.695650
0.670770
0.699190
0.680750
0.694350
0.689730
0.696930
0.684290
0.687130
0.689600
0.681080
0.697730
0.683520
0.688450
0.712780
0.684770
0.691190
0.693260
0.673080
0.700260
0.680040
0.689900
0.704220
0.680780
0.696430
0.695570
0.674880
0.693750
0.675560
0.710460
0.696740
0.683750
0.719530
0.695970
0.687920
0.693650
0.699150
0.689670
0.682240
0.702990
0.694110
0.668830
0.720290
0.668350
0.693830
0.700730
0.676060
0.700780
0.700020
0.700600
0.699210
0.699760
0.699080
0.700350
0.700460
0.702720
0.699940
0.701210
0.699170
0.700420
0.697830
0.702670
0.698950
0.700540
0.701590
0.700270
0.706410
0.702480
0.700280
0.698510
0.699040
0.700790
0.699470
0.725050
0.700480
0.701110
0.699030
0.698950
0.699960
0.700750
0.699730
0.698750
0.699760
0.709030
0.699600
0.704830
0.700060
0.702710
0.700450
0.697420
0.706060
