0.671290
0.682520
0.675420
0.675120
0.696740
0.686470
0.681210
0.681230
0.681910
0.701740
0.684530
0.712050
0.683970
0.696500
0.681210
0.729850
0.681640
0.680030
0.678760
0.680750
0.705750
0.692060
0.694930
0.675300
0.678970
0.691840
0.670850
0.690220
0.710640
0.679810
0.695180
0.683600
0.693070
0.668250
0.700650
0.702760
0.669490
0.678380
0.720050
0.686900
0.716230
0.682130
0.685730
0.680580
0.696790
0.679170
0.690780
0.695120
0.680440
0.685430
0.696900
0.691450
0.676100
0.670820
0.680670
0.681250
0.701650
0.698760
0.701150
0.698680
0.701140
0.700960
0.699660
0.697740
0.699760
0.699650
0.700860
0.699050
0.699960
0.695900
0.710870
0.700340
0.702010
0.698070
0.702570
0.699300
0.700430
0.698900
0.698280
0.699110
0.703060
0.700320
0.724340
0.698450
0.701100
0.702340
0.700480
0.699800
0.700600
0.700890
0.702740
0.703550
0.698210
0.699370
0.702320
0.700920
0.699550
0.698770
0.738790
0.699110
