0.671980
0.687590
0.683460
0.670650
0.684940
0.716510
0.684960
0.670080
0.679680
0.672820
0.683100
0.722610
0.688270
0.711730
0.686170
0.718870
0.684540
0.685230
0.688680
0.708910
0.690870
0.687390
0.694210
0.693300
0.689970
0.690200
0.671510
0.674140
0.678440
0.685580
0.692560
0.685020
0.710480
0.721020
0.678120
0.675810
0.681530
0.683890
0.710040
0.686160
0.682550
0.682080
0.687230
0.682650
0.693360
0.683830
0.698670
0.683670
0.694250
0.689690
0.673420
0.689380
0.680470
0.688150
0.692510
0.693030
0.699910
0.700550
0.700690
0.701010
0.699670
0.707290
0.699900
0.700490
0.699580
0.701590
0.700960
0.700130
0.703730
0.701610
0.700360
0.699390
0.723940
0.749330
0.699460
0.701490
0.699780
0.702120
0.699960
0.701800
0.699100
0.697390
0.721950
0.701390
0.700120
0.699230
0.699790
0.698100
0.699390
0.701440
0.699150
0.700390
0.707700
0.702770
0.698810
0.701650
0.700770
0.699090
0.700210
0.705600
