0.688900
0.683740
0.683930
0.678600
0.694610
0.715880
0.678020
0.686700
0.685640
0.687830
0.675190
0.682720
0.678870
0.699480
0.681820
0.701370
0.681290
0.685790
0.686560
0.707570
0.699720
0.687820
0.711180
0.693400
0.679670
0.693230
0.687700
0.695430
0.684450
0.672580
0.691460
0.693890
0.690280
0.698180
0.675470
0.687240
0.695260
0.716270
0.710530
0.685820
0.682310
0.696190
0.693940
0.679990
0.704490
0.678840
0.688720
0.684300
0.678230
0.689770
0.675870
0.689070
0.730830
0.685200
0.697860
0.699920
0.701450
0.706290
0.703570
0.702050
0.699720
0.700900
0.697850
0.700480
0.698700
0.699420
0.698820
0.698240
0.701980
0.705280
0.702120
0.699030
0.724560
0.708460
0.700290
0.699870
0.699730
0.699010
0.697640
0.700660
0.696440
0.699370
0.724520
0.701610
0.698800
0.733760
0.700110
0.699750
0.703530
0.701210
0.702980
0.700270
0.699850
0.699250
0.698390
0.699100
0.702970
0.702110
0.699790
0.723550
