0.683330
0.673220
0.690720
0.685200
0.671190
0.684520
0.687740
0.684980
0.668650
0.695460
0.676300
0.672730
0.699680
0.680360
0.670930
0.681940
0.696060
0.689780
0.683510
0.692980
0.682300
0.679560
0.688820
0.695910
0.684400
0.700480
0.698540
0.679050
0.693150
0.693030
0.682190
0.689020
0.681350
0.688800
0.702680
0.674260
0.665960
0.672750
0.688590
0.688080
0.697880
0.708060
0.682080
0.683190
0.684210
0.697040
0.687990
0.686520
0.675440
0.691230
0.691480
0.696670
0.679070
0.681380
0.698500
0.680960
0.677290
0.699820
0.699330
0.700660
0.699120
0.700240
0.701550
0.703540
0.702220
0.697610
0.700390
0.699630
0.709360
0.701110
0.700440
0.700920
0.701950
0.701580
0.701870
0.701460
0.714010
0.700760
0.697340
0.699070
0.698800
0.699900
0.701450
0.725610
0.700210
0.700210
0.699080
0.703940
0.701580
0.701570
0.700440
0.700150
0.699910
0.696740
0.701200
0.700520
0.699190
0.699280
0.705340
0.701270
