0.706510
0.676130
0.698320
0.700410
0.689640
0.684810
0.684200
0.690490
0.685960
0.688070
0.677220
0.688590
0.680700
0.695940
0.702780
0.698820
0.706370
0.684020
0.697010
0.683790
0.703090
0.690550
0.692710
0.691080
0.674240
0.690650
0.696310
0.686490
0.685440
0.672320
0.686470
0.682140
0.674620
0.697900
0.688740
0.668800
0.699490
0.704350
0.712450
0.687810
0.698430
0.683990
0.701570
0.689750
0.693450
0.689630
0.694420
0.683760
0.691720
0.696260
0.681140
0.696280
0.679540
0.689210
0.695660
0.689750
0.702660
0.706010
0.699280
0.704380
0.699220
0.699100
0.701050
0.701970
0.699020
0.700810
0.700070
0.703420
0.700770
0.705840
0.702260
0.697010
0.701720
0.700390
0.701630
0.699770
0.703290
0.701990
0.698900
0.698970
0.699670
0.713540
0.725100
0.701600
0.699780
0.698790
0.701910
0.700670
0.701020
0.699150
0.700440
0.710610
0.709860
0.701700
0.703150
0.699720
0.700200
0.698900
0.701140
0.706130
