0.695600
0.707810
0.697850
0.695710
0.675500
0.715080
0.671560
0.691990
0.681040
0.678280
0.683280
0.680820
0.691940
0.703920
0.693880
0.695240
0.681740
0.678590
0.689040
0.689340
0.693270
0.701340
0.668100
0.691420
0.682670
0.689660
0.695870
0.692330
0.697960
0.695220
0.692010
0.703100
0.674640
0.695880
0.698190
0.700170
0.694650
0.686450
0.712310
0.687440
0.712960
0.675690
0.693300
0.686620
0.694820
0.682810
0.687540
0.684890
0.700430
0.684840
0.693230
0.720160
0.673690
0.694270
0.683280
0.694730
0.700860
0.721560
0.700740
0.702920
0.700740
0.698530
0.701140
0.703720
0.701400
0.700160
0.701190
0.699440
0.710120
0.700750
0.700250
0.699360
0.700080
0.699170
0.699890
0.706840
0.699750
0.702050
0.701010
0.701990
0.702660
0.698290
0.722670
0.700690
0.697610
0.699940
0.702400
0.700350
0.701400
0.697850
0.702020
0.702660
0.708980
0.704870
0.702820
0.700390
0.700850
0.698240
0.699880
0.704250
