0.688930
0.719260
0.677250
0.702810
0.683180
0.688040
0.680830
0.684390
0.685940
0.669670
0.666780
0.713200
0.685340
0.694920
0.720150
0.720460
0.724260
0.679910
0.703880
0.700970
0.690250
0.688920
0.709310
0.678540
0.678420
0.699250
0.717440
0.692040
0.691690
0.707600
0.695960
0.699230
0.680000
0.679410
0.684380
0.703440
0.674900
0.684990
0.718470
0.697470
0.711990
0.714250
0.682330
0.676090
0.694070
0.704980
0.705520
0.694170
0.674450
0.698150
0.696960
0.689590
0.683410
0.682380
0.679810
0.696870
0.701880
0.700950
0.700760
0.703880
0.701220
0.698610
0.704600
0.702050
0.701900
0.701380
0.700060
0.699270
0.700400
0.700720
0.701000
0.699370
0.702050
0.699650
0.702280
0.701640
0.698690
0.699520
0.701540
0.700730
0.700230
0.709750
0.724700
0.719010
0.700240
0.699430
0.702150
0.698270
0.699310
0.696980
0.702280
0.701540
0.700860
0.701550
0.699990
0.701400
0.702740
0.700000
0.701290
0.701300
