0.684160
0.719590
0.678880
0.681220
0.684210
0.693030
0.696740
0.678800
0.680730
0.680780
0.683000
0.714120
0.691760
0.695060
0.688610
0.697220
0.702330
0.689180
0.677930
0.687980
0.690620
0.699240
0.685220
0.680870
0.696160
0.685750
0.701290
0.690200
0.695530
0.696880
0.687130
0.685470
0.682980
0.686920
0.680660
0.696170
0.681420
0.678950
0.718410
0.691670
0.713450
0.718700
0.679830
0.720450
0.689330
0.678790
0.692930
0.695380
0.697700
0.714920
0.700750
0.681020
0.671910
0.683500
0.682080
0.673430
0.697850
0.698180
0.699020
0.703740
0.700000
0.698230
0.702610
0.702320
0.699720
0.700450
0.698060
0.698120
0.697970
0.701820
0.701990
0.700560
0.701770
0.701660
0.700790
0.701870
0.718720
0.698950
0.701390
0.701050
0.710590
0.699760
0.724540
0.706230
0.699870
0.698280
0.699080
0.698450
0.707080
0.698690
0.703060
0.697820
0.700650
0.700310
0.700550
0.701590
0.700980
0.699870
0.699770
0.697090
