0.677990
0.729900
0.696590
0.694110
0.690160
0.700400
0.676240
0.681960
0.690480
0.715260
0.675600
0.686760
0.682110
0.699830
0.705780
0.700720
0.685410
0.683340
0.697300
0.695650
0.695010
0.687970
0.689190
0.692130
0.679620
0.691010
0.694090
0.683750
0.681530
0.690290
0.701280
0.691640
0.672200
0.700880
0.689770
0.710370
0.700450
0.682160
0.712020
0.703340
0.714870
0.691700
0.700050
0.688680
0.695170
0.677950
0.694980
0.687880
0.681720
0.668830
0.679810
0.704630
0.679970
0.691480
0.698770
0.693410
0.700140
0.706120
0.701530
0.700400
0.699680
0.698550
0.712390
0.700960
0.701160
0.700750
0.700350
0.698720
0.699860
0.704480
0.708810
0.741780
0.703680
0.701450
0.700740
0.701610
0.699410
0.699650
0.700270
0.699510
0.701600
0.700410
0.721330
0.701070
0.697020
0.699740
0.703730
0.700820
0.704320
0.697760
0.702980
0.700940
0.709760
0.702620
0.698720
0.701990
0.699770
0.700030
0.701390
0.705190
