0.676290
0.674470
0.711450
0.688060
0.670900
0.679610
0.661570
0.715750
0.676860
0.678870
0.688360
0.689850
0.671360
0.689330
0.691820
0.696520
0.711160
0.683040
0.692490
0.688780
0.678600
0.681520
0.686820
0.683520
0.671140
0.684310
0.689200
0.704400
0.710520
0.704130
0.685060
0.691210
0.690680
0.686330
0.684610
0.680630
0.700470
0.693900
0.691670
0.689240
0.695430
0.705210
0.722250
0.680380
0.681150
0.693220
0.690180
0.692490
0.685230
0.676500
0.676490
0.707890
0.696020
0.689370
0.702440
0.691470
0.697130
0.701940
0.699210
0.703440
0.700820
0.699670
0.699100
0.700240
0.709920
0.702960
0.702110
0.701480
0.699360
0.702500
0.700820
0.698900
0.697990
0.700600
0.702020
0.702420
0.707160
0.700580
0.701810
0.705410
0.713660
0.698020
0.699560
0.724050
0.701730
0.700490
0.699610
0.700960
0.702430
0.699200
0.699020
0.701780
0.698150
0.699830
0.698500
0.699330
0.698700
0.695870
0.699950
0.701670
