0.694490
0.679410
0.700860
0.674080
0.676980
0.716010
0.679340
0.689450
0.693100
0.694940
0.674690
0.723990
0.684900
0.696490
0.703140
0.718290
0.681180
0.677630
0.687060
0.685680
0.690980
0.739460
0.691910
0.691250
0.683680
0.691690
0.693030
0.700920
0.700360
0.679620
0.686670
0.678990
0.684780
0.695970
0.717480
0.685900
0.680630
0.678920
0.712590
0.686050
0.683530
0.678690
0.693910
0.676790
0.694130
0.688900
0.689150
0.681440
0.690220
0.700460
0.680800
0.720410
0.677890
0.684720
0.699380
0.678680
0.699140
0.697260
0.699620
0.699470
0.699660
0.703270
0.698720
0.700500
0.704380
0.701330
0.699550
0.698460
0.707700
0.698470
0.709250
0.699890
0.700710
0.701090
0.700740
0.706300
0.700730
0.700960
0.701420
0.699350
0.700180
0.699780
0.725070
0.701780
0.700460
0.700500
0.701600
0.699750
0.698510
0.700580
0.701140
0.697250
0.707410
0.698390
0.699760
0.708730
0.720780
0.699280
0.701730
0.706540
