0.705580
0.676510
0.697170
0.680790
0.666340
0.687440
0.678040
0.673150
0.693500
0.677340
0.687820
0.674110
0.681670
0.696200
0.686210
0.694580
0.696920
0.681120
0.696900
0.685110
0.693290
0.687320
0.687980
0.694810
0.666840
0.694160
0.709310
0.683570
0.683060
0.674840
0.686780
0.665800
0.677180
0.696230
0.678870
0.681800
0.688700
0.678320
0.711780
0.695550
0.682130
0.699820
0.671480
0.668890
0.719900
0.674150
0.688180
0.683730
0.683650
0.667450
0.688000
0.665040
0.680710
0.673000
0.680970
0.676320
0.698410
0.707680
0.701900
0.703280
0.699930
0.699060
0.701730
0.699190
0.700910
0.699810
0.701070
0.702560
0.700260
0.705040
0.698060
0.741300
0.700250
0.701290
0.701240
0.699740
0.697160
0.700620
0.702990
0.700910
0.700400
0.701860
0.723420
0.701510
0.700620
0.701790
0.701290
0.701690
0.699460
0.698220
0.699080
0.701780
0.708320
0.701140
0.701660
0.698040
0.698750
0.701250
0.702800
0.704740
