0.682990
0.681310
0.705880
0.683000
0.698740
0.677130
0.691850
0.675760
0.682540
0.710320
0.679330
0.680950
0.705420
0.678050
0.695610
0.685820
0.695500
0.682280
0.688820
0.683790
0.698990
0.686030
0.703900
0.677770
0.680710
0.688610
0.705520
0.695950
0.690800
0.676130
0.683150
0.712240
0.671410
0.687790
0.708700
0.696680
0.671310
0.685600
0.706540
0.719200
0.687240
0.706750
0.680050
0.694130
0.682190
0.695670
0.683660
0.693290
0.678180
0.672470
0.679870
0.718100
0.705840
0.685710
0.679370
0.685360
0.688000
0.700780
0.702740
0.699030
0.723940
0.698390
0.700920
0.699350
0.702160
0.700840
0.700360
0.706990
0.697960
0.700420
0.701010
0.700710
0.700210
0.699620
0.701330
0.701340
0.716820
0.701330
0.701490
0.711470
0.700660
0.704970
0.700620
0.723370
0.714590
0.702180
0.699660
0.701700
0.699910
0.701200
0.700240
0.699340
0.702140
0.699580
0.698700
0.699310
0.698610
0.701510
0.699520
0.709050
