0.688700
0.676820
0.683590
0.685010
0.670510
0.673680
0.688450
0.691660
0.686710
0.669800
0.695030
0.676800
0.690870
0.691730
0.671590
0.694470
0.676770
0.704760
0.698240
0.691130
0.677430
0.695040
0.687180
0.682260
0.680240
0.683640
0.668070
0.687230
0.688050
0.703490
0.691220
0.692140
0.684620
0.687270
0.672310
0.694330
0.687200
0.676390
0.684190
0.685330
0.692250
0.688280
0.680970
0.687310
0.695070
0.686680
0.707190
0.692160
0.672230
0.697290
0.692900
0.685520
0.678620
0.682750
0.686850
0.703380
0.698660
0.701480
0.702990
0.701110
0.698450
0.699520
0.700470
0.696870
0.700340
0.699490
0.698310
0.700280
0.696550
0.698920
0.708220
0.700660
0.702880
0.701650
0.700710
0.710360
0.701710
0.700680
0.697880
0.702000
0.700550
0.700000
0.726480
0.698910
0.702790
0.697810
0.702440
0.699200
0.700920
0.700870
0.702080
0.700980
0.699230
0.700020
0.697990
0.700430
0.699170
0.699520
0.701490
0.700660
